0,43,
1,26,
2,37,
3,55,
4,53,
5,35,
6,46,
7,32,
8,29,
9,41,
10,22,
11,47,
12,30,
13,39,
14,23,
15,26,
16,40,
17,46,
18,32,
19,36,
20,31,
21,28,
22,27,
23,49,
24,42,
25,30,
26,42,
27,23,
28,47,
29,35,
30,29,
31,22,
32,42,
33,38,
34,49,
35,27,
36,53,
37,36,
38,31,
39,22,
40,49,
41,33,
42,41,
43,59,
44,44,
45,37,
46,58,
47,24,
48,55,
49,30,
50,33,
51,26,
52,31,
53,40,
54,56,
55,53,
56,42,
57,30,
58,56,
59,21,
60,45,
61,25,
62,24,
63,27,
64,36,
65,45,
66,26,
67,29,
68,53,
69,37,
70,24,
71,35,
72,42,
73,45,
74,34,
75,27,
76,54,
77,24,
78,23,
79,50,
80,27,
81,28,
82,56,
83,38,
84,48,
85,44,
86,23,
87,31,
88,54,
89,59,
90,32,
91,40,
92,56,
93,28,
94,39,
95,32,
96,46,
97,46,
98,34,
99,39,
100,55,
101,30,
102,54,
103,38,
104,47,
105,21,
106,37,
107,42,
108,57,
109,32,
110,32,
111,56,
112,41,
113,20,
114,26,
115,21,
116,45,
117,29,
118,24,
119,39,
120,20,
121,29,
122,51,
123,57,
124,37,
125,31,
126,21,
127,55,
128,49,
129,27,
130,27,
131,36,
132,37,
133,53,
134,46,
135,25,
136,46,
137,23,
138,39,
139,44,
140,28,
141,51,
142,32,
143,49,
144,43,
145,39,
146,50,
147,28,
148,48,
149,55,
150,40,
151,49,
152,56,
153,23,
154,38,
155,25,
156,26,
157,31,
158,21,
159,55,
160,39,
161,28,
162,24,
163,48,
164,21,
165,50,
166,53,
167,40,
168,54,
169,24,
170,24,
171,54,
172,47,
173,36,
174,43,
175,31,
176,47,
177,25,
178,39,
179,36,
180,52,
181,51,
182,57,
183,48,
184,55,
185,27,
186,54,
187,21,
188,38,
189,55,
190,49,
191,57,
192,55,
193,53,
194,38,
195,48,
196,43,
197,31,
198,28,
199,29,
200,36,
201,24,
202,23,
203,23,
204,33,
205,38,
206,26,
207,20,
208,44,
209,38,
210,28,
211,28,
212,29,
213,57,
214,57,
215,56,
216,24,
217,43,
218,50,
219,43,
220,30,
221,39,
222,32,
223,25,
224,24,
225,50,
226,45,
227,39,
228,54,
229,46,
230,49,
231,22,
232,42,
233,44,
234,57,
235,47,
236,55,
237,24,
238,48,
239,31,
240,42,
241,48,
242,39,
243,43,
244,46,
245,28,
246,40,
247,42,
248,51,
249,30,
250,25,
251,21,
252,41,
253,30,
254,58,
255,45,
256,20,
257,36,
258,24,
259,46,
260,22,
261,45,
262,48,
263,36,
264,22,
265,38,
266,24,
267,57,
268,42,
269,44,
270,20,
271,56,
272,32,
273,39,
274,39,
275,50,
276,48,
277,51,
278,33,
279,31,
280,21,
281,30,
282,33,
283,34,
284,40,
285,23,
286,59,
287,41,
288,39,
289,56,
290,59,
291,33,
292,33,
293,48,
294,50,
295,35,
296,26,
297,46,
298,24,
299,40,
300,30,
301,24,
302,36,
303,42,
304,36,
305,47,
306,25,
307,56,
308,39,
309,38,
310,27,
311,32,
312,48,
313,32,
314,39,
315,29,
316,36,
317,30,
318,42,
319,47,
320,26,
321,41,
322,53,
323,32,
324,21,
325,35,
326,39,
327,59,
328,21,
329,44,
330,39,
331,31,
332,40,
333,47,
334,45,
335,48,
336,27,
337,50,
338,44,
339,38,
340,20,
341,44,
342,42,
343,49,
344,56,
345,21,
346,50,
347,24,
348,32,
349,32,
350,52,
351,30,
352,45,
353,45,
354,42,
355,39,
356,20,
357,22,
358,38,
359,53,
360,38,
361,50,
362,24,
363,50,
364,29,
365,41,
366,39,
367,36,
368,32,
369,55,
370,54,
371,24,
372,39,
373,29,
374,53,
375,36,
376,30,
377,35,
378,40,
379,42,
380,39,
381,24,
382,53,
383,25,
384,41,
385,27,
386,44,
387,33,
388,21,
389,54,
390,26,
391,39,
392,44,
393,22,
394,22,
395,46,
396,44,
397,41,
398,22,
399,48,
400,28,
401,49,
402,52,
403,48,
404,58,
405,38,
406,56,
407,28,
408,53,
409,28,
410,43,
411,33,
412,33,
413,28,
414,30,
415,54,
416,27,
417,46,
418,28,
419,29,
420,40,
421,26,
422,48,
423,57,
424,29,
425,50,
426,43,
427,53,
428,23,
429,37,
430,33,
431,32,
432,26,
433,25,
434,52,
435,56,
436,35,
437,48,
438,57,
439,29,
440,56,
441,40,
442,34,
443,21,
444,40,
445,44,
446,48,
447,47,
448,30,
449,48,
450,56,
451,42,
452,54,
453,37,
454,39,
455,23,
456,59,
457,22,
458,48,
459,23,
460,40,
461,21,
462,27,
463,38,
464,59,
465,51,
466,35,
467,34,
468,39,
469,32,
470,35,
471,27,
472,44,
473,49,
474,29,
475,24,
476,25,
477,49,
478,43,
479,35,
480,37,
481,40,
482,58,
483,31,
484,49,
485,29,
486,27,
487,48,
488,32,
489,55,
490,43,
491,44,
492,49,
493,50,
494,22,
495,40,
496,41,
497,29,
498,46,
499,52,
500,41,
501,22,
502,20,
503,57,
504,43,
505,21,
506,21,
507,49,
508,50,
509,45,
510,56,
511,27,
512,57,
513,54,
514,30,
515,46,
516,24,
517,37,
518,34,
519,28,
520,25,
521,58,
522,52,
523,46,
524,40,
525,46,
526,26,
527,54,
528,56,
529,52,
530,38,
531,29,
532,46,
533,30,
534,27,
535,30,
536,31,
537,20,
538,51,
539,53,
540,37,
541,47,
542,52,
543,26,
544,34,
545,55,
546,52,
547,30,
548,32,
549,59,
550,30,
551,29,
552,49,
553,54,
554,55,
555,21,
556,40,
557,53,
558,47,
559,28,
560,38,
561,26,
562,30,
563,24,
564,36,
565,37,
566,26,
567,40,
568,29,
569,57,
570,25,
571,39,
572,37,
573,58,
574,45,
575,43,
576,53,
577,38,
578,53,
579,57,
580,29,
581,23,
582,27,
583,58,
584,57,
585,54,
586,51,
587,29,
588,40,
589,39,
590,38,
591,58,
592,45,
593,48,
594,54,
595,53,
596,57,
597,21,
598,33,
599,58,
600,50,
601,39,
602,37,
603,59,
604,29,
605,23,
606,42,
607,54,
608,33,
609,27,
610,51,
611,42,
612,22,
613,50,
614,32,
615,51,
616,37,
617,55,
618,21,
619,57,
620,34,
621,31,
622,47,
623,51,
624,51,
625,41,
626,37,
627,40,
628,34,
629,50,
630,38,
631,25,
632,21,
633,56,
634,56,
635,22,
636,51,
637,39,
638,56,
639,24,
640,38,
641,40,
642,38,
643,41,
644,30,
645,42,
646,32,
647,39,
648,37,
649,25,
650,36,
651,44,
652,36,
653,23,
654,27,
655,59,
656,37,
657,44,
658,39,
659,51,
660,27,
661,50,
662,56,
663,20,
664,38,
665,45,
666,23,
667,29,
668,24,
669,51,
670,25,
671,34,
672,31,
673,35,
674,55,
675,34,
676,49,
677,28,
678,53,
679,58,
680,25,
681,22,
682,42,
683,42,
684,57,
685,50,
686,33,
687,34,
688,26,
689,53,
690,26,
691,33,
692,43,
693,54,
694,34,
695,53,
696,39,
697,37,
698,22,
699,35,
700,28,
701,59,
702,50,
703,32,
704,34,
705,37,
706,46,
707,55,
708,37,
709,31,
710,53,
711,43,
712,33,
713,28,
714,25,
715,31,
716,50,
717,38,
718,37,
719,56,
720,23,
721,35,
722,30,
723,38,
724,30,
725,44,
726,31,
727,41,
728,53,
729,25,
730,49,
731,53,
732,24,
733,31,
734,25,
735,30,
736,48,
737,43,
738,25,
739,26,
740,55,
741,59,
742,49,
743,20,
744,27,
745,46,
746,23,
747,57,
748,56,
749,41,
750,45,
751,20,
752,56,
753,55,
754,30,
755,58,
756,31,
757,42,
758,32,
759,56,
760,39,
761,21,
762,50,
763,44,
764,32,
765,47,
766,54,
767,20,
768,23,
769,52,
770,58,
771,50,
772,43,
773,47,
774,50,
775,50,
776,33,
777,54,
778,39,
779,22,
780,27,
781,24,
782,22,
783,55,
784,52,
785,24,
786,54,
787,23,
788,38,
789,26,
790,20,
791,58,
792,59,
793,42,
794,42,
795,23,
796,21,
797,28,
798,23,
799,24,
800,52,
801,22,
802,54,
803,35,
804,41,
805,37,
806,25,
807,47,
808,31,
809,36,
810,49,
811,38,
812,41,
813,43,
814,33,
815,33,
816,47,
817,59,
818,28,
819,26,
820,57,
821,20,
822,24,
823,48,
824,34,
825,38,
826,51,
827,36,
828,38,
829,55,
830,32,
831,31,
832,49,
833,59,
834,46,
835,30,
836,36,
837,44,
838,49,
839,39,
840,20,
841,38,
842,49,
843,33,
844,21,
845,54,
846,38,
847,49,
848,46,
849,47,
850,47,
851,43,
852,47,
853,51,
854,32,
855,22,
856,21,
857,55,
858,30,
859,39,
860,50,
861,34,
862,50,
863,31,
864,33,
865,37,
866,34,
867,41,
868,21,
869,23,
870,20,
871,53,
872,42,
873,41,
874,27,
875,35,
876,36,
877,45,
878,24,
879,22,
880,32,
881,51,
882,37,
883,52,
884,34,
885,41,
886,46,
887,35,
888,37,
889,48,
890,55,
891,59,
892,22,
893,37,
894,23,
895,36,
896,54,
897,37,
898,49,
899,47,
900,32,
901,42,
902,41,
903,46,
904,23,
905,40,
906,22,
907,31,
908,25,
909,26,
910,25,
911,30,
912,50,
913,43,
914,54,
915,56,
916,56,
917,40,
918,32,
919,25,
920,28,
921,59,
922,25,
923,30,
924,36,
925,20,
926,38,
927,23,
928,37,
929,28,
930,42,
931,41,
932,50,
933,55,
934,28,
935,45,
936,35,
937,30,
938,57,
939,33,
940,28,
941,22,
942,43,
943,50,
944,37,
945,37,
946,47,
947,26,
948,49,
949,51,
950,31,
951,49,
952,50,
953,28,
954,59,
955,58,
956,28,
957,30,
958,53,
959,37,
960,30,
961,36,
962,59,
963,52,
964,31,
965,27,
966,37,
967,39,
968,37,
969,26,
970,52,
971,37,
972,21,
973,35,
974,28,
975,38,
976,44,
977,55,
978,36,
979,25,
980,46,
981,48,
982,54,
983,28,
984,48,
985,53,
986,58,
987,57,
988,55,
989,52,
990,34,
991,25,
992,20,
993,25,
994,57,
995,23,
996,32,
997,27,
998,42,
999,41,