1.114124
1.565102
1.882675
1.776945
0.574679
1.819568
0.114734
0.178132
1.026724
1.976893
1.997381
1.958395
1.914618
1.660925
0.873689
0.917652
0.973549
0.405037
1.842856
1.119974
0.395843
1.455807
1.862350
1.779297
1.514544
0.125526
0.284693
0.666903
0.906344
0.388664
0.598379
0.020469
0.470119
0.481054
0.313766
1.561150
0.300622
0.428500
1.739282
1.843698
0.921746
1.736663
0.318445
1.352716
1.397588
1.192135
0.270368
0.887490
0.113524
0.113224
0.523816
1.025719
0.085384
0.386166
0.805016
1.599928
1.028044
1.606062
0.266831
1.934389
1.994726
1.381562
0.471210
0.981197
0.378968
1.301328
0.542347
0.679590
0.246181
0.281630
1.039640
1.684279
0.534645
1.358086
1.036995
0.448586
0.550221
1.823716
1.852428
1.180097
0.453292
0.376244
0.205817
0.538676
1.278763
1.010833
0.654956
0.306807
1.133247
1.438140
0.757548
1.127974
0.819702
1.228758
0.109171
1.198671
1.046439
1.167871
0.394613
1.292620
1.449501
1.434254
0.976899
0.500498
0.792340
0.530246
0.949084
1.858913
0.353962
1.317864
1.555362
0.807255
1.694109
1.761179
1.862283
1.489224
1.288365
0.517240
1.796031
0.421612
1.955380
0.553580
0.065938
1.291434
0.298690
0.691462
1.006457
1.861481
1.859333
1.401071
1.154101
1.308834
1.351677
0.647352
1.809332
0.660369
1.693951
1.274769
1.035634
0.047913
0.592633
0.590996
1.371520
0.803094
0.352176
1.750156
0.292318
1.640541
0.267396
0.604702
0.578505
0.739128
1.674634
0.644444
0.546914
0.489676
1.335906
1.553372
0.351158
1.195239
1.470795
0.021611
1.020425
0.822472
0.668964
1.346109
1.482841
0.362915
0.620878
0.518475
0.927180
1.729864
1.109471
0.815053
1.049310
1.977999
0.565209
1.341629
0.134892
1.348957
1.946331
0.713398
0.604437
1.620965
1.357842
1.151351
0.626993
0.693748
1.221075
0.978151
0.405339
0.691870
0.999763
1.425764
1.514342
0.185079
0.771873
1.513535
1.064346
1.909104
0.548362
0.507878
1.638968
0.174186
1.322931
0.688278
0.152185
0.404492
0.546259
0.287078
1.753449
1.008942
1.516828
0.357886
0.629907
0.874670
0.025590
1.773253
0.084770
1.246665
0.751404
0.490109
0.454888
1.751167
1.915873
0.485582
0.452598
0.687746
1.999118
1.516944
0.596850
1.063832
0.024823
0.752170
1.754370
1.864106
1.956801
0.422908
0.268599
0.503060
0.709986
0.022048
1.512003
0.743166
0.896287
0.658262
1.617836
1.438229
0.431515
1.702606
0.684894
1.182920
0.709067
1.656134
1.450439
0.624940
0.141717
1.903038
1.829038
0.657187
1.936334
0.942241
1.721019
0.477509
1.694411
1.475390
0.857968
1.651212
1.898298
1.126567
0.154273
1.124636
1.664967
0.182628
0.384154
0.561254
0.840890
0.001990
0.515835
1.272406
0.220948
1.200730
0.971678
0.930015
0.856864
0.938469
1.554955
1.514933
1.357859
1.900345
0.172120
1.294194
0.842586
0.409492
0.288055
0.536998
0.401234
1.146023
0.704562
0.815884
0.788942
1.375187
0.456872
0.453910
1.557815
0.841026
1.531516
0.398706
0.843016
0.047352
0.187464
1.580316
1.764434
1.675494
0.510331
1.137650
0.613963
0.581638
0.652584
1.971823
0.481983
0.824704
1.782369
1.324570
1.234196
0.070424
0.377920
0.151782
1.732800
1.082482
0.967666
0.521742
0.457670
1.424538
0.975652
0.531837
0.265564
0.507169
1.446895
1.624932
1.070873
1.634359
1.205248
0.835307
1.826205
1.715579
1.972957
0.440169
0.813569
1.141893
0.411992
1.295553
1.966598
0.710713
1.136475
1.717146
0.781137
1.514395
1.868929
0.513937
1.113229
1.352947
1.035680
0.087251
0.777486
0.527684
0.619089
1.043050
1.034853
0.065984
0.667983
0.622078
0.216696
0.389583
1.973737
0.042901
0.105163
1.946695
0.999422
1.435084
1.604940
1.927766
0.730637
0.087890
0.638479
0.383464
1.805037
1.419617
0.414211
0.190318
0.449906
1.527441
1.543265
1.485586
0.131044
0.837103
0.529623
1.266485
1.880154
0.080828
1.848822
1.064489
0.702907
0.065518
1.454072
0.676644
0.624771
0.075587
1.139691
0.140546
0.027024
0.744632
0.068312
0.757661
0.832522
0.706792
1.657478
1.153911
0.642761
0.071689
1.860581
1.092667
0.115482
1.403847
1.094606
0.246527
0.757302
1.624229
1.513012
1.153808
1.705057
1.361834
0.218297
0.924316
1.943704
0.188722
1.600961
1.084828
0.780661
0.740652
1.225374
0.807685
0.001636
1.293686
0.081699
0.834159
0.516830
0.255529
1.988070
1.159591
0.327218
0.365004
0.768611
0.442701
0.285203
1.863217
1.205580
1.042505
0.003798
1.234944
0.196314
0.225207
1.113131
0.930963
1.149524
1.573187
1.636037
0.750485
0.658015
0.933051
0.007489
0.399741
0.257088
0.009126
1.693428
0.338787
1.359637
0.726610
0.594316
1.347707
1.886202
1.437887
0.229063
0.654813
0.396940
0.514266
1.034382
1.602520
1.556772
1.038180
0.837464
1.753086
1.263387
0.466947
0.684049
0.412911
0.040135
0.836439
1.679748
1.214502
1.769490
1.687238
1.614244
0.026578
0.212716
1.824024
0.881718
1.572353
0.550634
1.992386
1.436412
0.436836
1.430273
1.665476
1.091649
1.827213
0.179742
0.642383
1.946085
1.736514
1.680563
1.299902
0.005952
1.460303
1.766849
1.206354
0.389566
1.806984
0.042793
0.069315
1.537839
1.812283
0.272905
1.152083
1.838861
0.485621
0.976107
1.236931
0.057974
1.526741
1.229318
1.494386
1.963578
0.659591
1.676214
1.571579
1.003157
1.855957
0.213963
0.949242
0.108823
0.410878
0.249144
0.114776
0.387533
0.015994
1.321130
0.777100
0.339330
1.363923
1.362767
1.877169
1.692558
1.635672
1.029252
0.047771
0.637645
0.521711
1.284703
0.695619
0.048453
0.514021
0.706357
0.528383
1.689964
0.382572
0.099962
0.693121
0.754881
0.830277
1.642364
0.863704
1.757508
0.407860
0.978480
0.145041
0.423854
0.815962
1.438493
1.279537
0.179885
0.801260
1.673058
0.388795
0.953284
0.702311
0.436567
1.590929
1.740374
0.237622
0.286548
1.788827
1.267995
1.509258
0.317210
0.957959
0.408182
0.933525
0.167433
1.163063
0.280154
0.326149
0.543119
0.554014
0.734009
1.521600
0.699056
1.157864
0.853914
0.653901
0.953753
1.550152
1.455162
0.626811
1.938947
0.408446
1.845474
0.891866
0.515728
1.585849
1.645840
1.318628
1.374676
0.913835
0.827886
0.208239
0.388147
1.752420
1.141764
0.555580
1.431835
1.938270
1.398081
1.974955
0.492285
0.132090
0.012907
1.707693
1.806306
0.866821
0.361594
0.760059
0.416973
0.333108
1.903223
0.872273
1.257907
1.748697
1.764139
1.773635
1.334546
1.926332
1.092263
1.225575
0.840167
0.436502
1.950166
1.744666
0.188922
1.091930
0.816598
0.137110
1.546552
0.214679
0.628417
0.038837
0.346770
1.157676
1.746530
0.669428
0.024497
0.624477
1.945840
0.957823
1.473937
1.849063
0.346448
0.731844
1.597760
0.626939
1.021831
1.448659
0.553271
0.114095
1.190586
1.909791
1.066949
1.140752
1.654457
1.772223
0.749034
0.471056
1.909333
0.295586
1.202087
1.054102
0.850776
1.548857
0.211778
1.113658
0.734638
0.752628
1.738135
0.680478
1.710451
1.212073
0.529541
0.573251
0.460269
0.643653
1.200190
1.482101
0.092312
1.753462
0.112548
1.282898
1.663253
1.695849
0.940002
1.834062
1.468072
1.689036
0.305118
1.893758
1.984623
0.023558
0.947860
1.351751
1.572415
1.159639
0.465409
0.823405
1.912267
0.203545
1.503883
0.139070
1.931970
0.033424
1.228673
0.908591
1.193430
0.428863
0.907044
1.285742
0.698677
1.019592
1.084993
0.878282
0.715441
0.541347
0.712345
0.699866
0.230384
1.533815
0.593624
0.731359
1.557373
0.057836
0.083110
1.646141
1.217475
0.548519
0.469546
1.646094
1.268416
0.489782
0.301516
1.716738
1.039558
1.530189
0.625330
0.232988
1.959053
1.532374
1.518731
1.174082
1.068319
1.120076
0.052365
0.300112
1.661423
1.281062
0.999978
0.408159
1.331229
0.109954
1.139518
0.888603
0.167791
1.738980
1.051096
1.901618
0.287500
0.036994
1.547713
0.072268
0.526776
0.365581
1.789007
1.566335
1.895771
0.930689
0.315675
0.371176
0.463063
0.350758
1.545258
1.531382
1.470834
0.113975
0.347847
1.648610
1.395037
1.347825
0.056769
0.726267
1.457780
1.712640
0.131222
0.141923
1.451620
1.698670
0.043541
0.255472
1.735664
0.107606
0.327741
0.778793
0.473188
0.633100
0.861480
0.368959
1.563789
1.177155
1.256487
0.543204
1.527914
0.801745
0.074587
1.515100
1.432073
0.938786
1.163710
1.343462
0.286611
1.736832
0.069729
0.260743
1.965824
0.717303
0.919018
1.417444
0.415973
0.962560
0.189269
0.667990
1.586518
1.033362
1.446783
0.059706
1.666462
0.824615
0.945017
1.230251
0.001770
0.201504
1.773455
1.529684
1.519602
0.364394
1.561137
0.951675
1.303180
0.724847
0.811489
0.106144
0.978031
0.881219
0.883239
0.943855
0.114874
1.802258
0.877652
1.047200
1.281170
1.066921
0.231542
0.867688
0.100283
0.194677
0.927395
0.283097
1.019292
0.388764
0.029700
1.021062
0.590269
0.319507
1.067099
0.626223
0.683902
0.628236
0.094250
0.503434
1.869435
0.905739
1.125930
1.363819
0.303310
0.009170
0.824026
0.418185
0.327780
1.701678
1.981737
1.608950
1.284951
0.213279
0.476638
1.901586
0.407956
1.920385
0.184683
1.427248
0.309150
0.214383
0.964662
1.415771
0.533891
0.548113
0.041994
1.734145
1.692701
0.136244
0.753931
0.078489
1.558335
1.879862
1.442308
1.861646
0.405384
0.266334
0.796183
1.249516
0.484365
0.777920
0.858466
1.769316
1.507551
1.851456
0.187255
1.915507
0.288194
0.371938
1.859107
1.113696
1.102674
1.340121
0.529467
0.152917
1.888235
1.087813
0.403414
0.097288
1.740409
1.157345
0.175777
1.298744
1.553559
0.134437
1.160390
0.475295
0.917124
1.956573
1.724811
1.401489
1.250845
1.099629
1.687157
0.758396
1.467438
1.874412
0.673903
1.755632
0.762703
1.049362
1.385680
0.381729
0.389484
1.915147
0.534646
0.794071
1.519312
0.938060
1.407711
1.259721
0.611757
1.583489
0.558465
0.165317
1.717926
0.235208
0.640612
1.151402
0.191781
0.365424
0.552891
1.442627
1.981405
0.756401
0.201023
1.448843
0.630813
1.391279
1.720827
1.909868
0.440641
1.106507
0.291597
1.346477
1.538006
1.342595
0.656900
1.057318
0.797007
0.064612
0.317039
1.408765
0.164453
1.391857
0.090434
0.398731
1.627065
0.731046
1.550134
0.335198
1.612822
0.619377
1.777825
1.594228
1.375778
0.495201
1.559423
0.522944
1.886480
1.280251
0.432812
0.843473
0.386758
1.240762
0.706303
0.441117
1.099709
1.879555
1.498435
1.896717
1.944167
0.331827
1.821834
0.624972
1.723684
1.912268
1.023704
1.350749
1.159666
1.090190
1.685947
1.288841
1.709567
1.980125
1.399421
1.085346
0.991678
0.958844
0.124642
1.394510
0.755447
0.557454
0.237983
1.658558
0.314568
1.460638
0.099675
1.414278
1.340194
1.598110
1.310995
1.800713
1.929937
1.649181
0.942038
0.169973
1.561449
0.482094
0.037074
1.237467
1.572284
0.239374
0.526308
1.798203
0.219499
1.925729
1.399901
1.211177
0.884574
1.524543
0.605687
0.156373
0.598350
1.360022
1.814931
0.912918
1.337013
1.914606
0.327196
1.193559
1.512717
0.154543
1.510624
1.959006
1.803724
0.452662
0.128980
1.881525
0.934756
0.682406
1.118993
1.023392
0.921780
1.645301
0.821596
1.657631
0.087383
0.737849
1.385160
0.971957
0.262393
0.507199
1.128330
0.860743
1.867222
0.943262
0.290013
1.720587
1.374220
0.617210
0.914146
1.403289
1.288105
0.941122
1.362296
1.608182
1.393785
0.007628
1.489707
0.844893
0.690034
1.125052
1.868286
0.128167
0.770354
1.206234
1.785798
0.857737
0.460435
1.170959
0.346046
0.722828
1.678158
1.990728
0.099923
0.061732
1.450342
0.389937
1.782319
0.824563
1.523499
1.212817
0.227852
1.327956
0.153940
0.106500
0.936138
0.064077
0.630480
0.425846
0.908970
1.836867
1.550898
1.293608
1.965034
0.837604
1.016194
1.750832
0.211693
1.476630
0.921791
0.557739
0.715810
0.599950
1.064820
0.815734
1.178034
0.515162
1.722023
0.960354
1.856077
1.761874
0.689523
0.600282
1.089830
0.843463
0.706782
0.025969
1.423892
1.853615
0.968167
0.332863
1.690482
1.035417
0.142823
1.655516
0.389374
1.675370
1.406348
0.601067
1.152000
0.844492
1.675159
1.867810
1.960794
1.256331
1.199896
1.138828
1.771493
1.438271
0.099182
0.143923
1.200145
1.305058
0.744205
0.806328
0.664873
1.967339
0.832297
0.088766
1.820954
0.316816
0.937981
0.027788
1.868585
1.080804
1.683304
0.257959
0.756174
1.606005
1.375379
0.424526
0.450497
1.050538
0.808689
0.411291
0.306869
0.524937
1.550119
0.594714
1.963209
0.165654
1.254989
1.679706
1.987064
0.515546
0.486034
0.651937
0.999238
1.834683
0.740703
1.336544
0.151499
0.195036
1.364333
0.536437
1.792193
1.047637
0.794396
0.548367
0.653642
0.169775
1.489246
1.620491
1.736665
0.297935
0.031782
0.559886
1.339224
0.098254
1.670953
1.818785
0.780260
0.925942
1.498492
0.767324
1.441489
0.500878
1.935613
0.957079
0.851914
0.676317
0.293623
1.519765
0.871353
1.657956
0.056202
1.179898
1.221946
0.850599
1.728266
0.391940
1.536726
1.733864
0.012432
1.273392
0.548151
0.560566
1.833278
1.887375
1.175172
0.020583
1.706161
1.955432
0.946526
1.721005
1.239108
0.904367
0.738235
1.174722
1.861446
1.590149
0.367391
0.671421
1.109915
1.755096
0.329378
1.166117
0.934995
0.067676
0.533068
1.179613
0.459616
0.069795
0.913477
0.988400
1.859539
1.977980
0.065319
0.209169
1.865355
1.240491
0.229753
0.087868
1.712276
1.176279
0.325225
0.951384
0.596998
1.063461
0.642458
0.458444
1.169962
1.009849
1.129865
0.279877
1.281298
1.975595
1.962347
0.732645
0.043271
0.495415
1.912258
1.019240
1.081562
1.342087
0.523992
0.941101
1.320067
0.589311
1.150271
1.701774
1.829803
1.896376
0.305995
1.542079
1.589007
1.147572
1.009815
0.186005
0.727385
0.168626
0.644449
1.897348
1.694827
0.290666
0.693577
0.976125
0.782614
0.655924
1.708770
1.342237
1.667692
0.137380
0.361477
0.749254
1.479467
1.401822
0.206708
1.315886
1.991133
1.873331
1.534013
0.337288
1.769707
1.840008
0.395719
1.358714
1.503932
1.405535
1.544719
0.231318
1.574161
0.705520
0.128666
1.785340
1.512538
1.338595
0.761466
0.295152
1.994520
0.986588
1.637390
0.178564
1.123969
0.515219
1.444170
1.119788
1.917041
1.650878
0.952027
0.424527
1.524209
0.486040
0.761815
1.810268
0.842400
1.673887
1.168982
0.346332
1.079422
1.230053
0.577650
1.169935
1.935573
1.222668
1.471627
1.964464
0.561264
0.233093
0.259616
1.072136
1.736034
0.413358
1.250700
0.860003
0.928578
1.211222
0.496143
1.361971
0.862101
1.448170
0.302850
0.902662
0.450562
1.064666
0.712931
1.809314
1.254905
1.881913
0.155647
0.850679
1.111967
1.249649
0.536966
1.563892
0.988670
0.008593
1.528356
1.549934
0.241687
0.304325
1.138422
1.977721
0.717683
0.905474
1.354076
0.162613
0.116696
0.366571
1.524585
0.978797
0.331094
1.827435
0.397812
1.298008
1.408453
1.110743
1.107323
0.663358
1.509008
1.262970
1.514037
1.137327
1.028971
0.051003
0.701220
0.017641
0.059597
0.745928
0.083927
0.817636
1.566605
1.222349
1.311709
0.284289
0.644175
1.182137
0.446902
0.760872
1.548708
0.487839
0.256021
0.396154
0.831627
0.653833
1.694163
0.756432
1.764576
0.801486
1.936143
1.273585
0.580808
1.966532
0.927264
1.609779
0.533888
1.628484
0.143773
1.109837
0.890765
0.227700
1.927473
0.457370
1.966402
1.755534
1.258011
0.610577
0.937671
1.704914
1.371449
1.002731
0.709105
0.143823
1.398886
1.540732
0.797656
1.093049
0.297165
1.078585
0.410887
0.749660
0.868522
0.991695
0.716192
1.795786
1.117826
1.250080
1.940623
1.261599
0.359917
1.347740
1.489300
0.803742
1.805110
1.455702
0.559276
1.063122
0.066279
1.496947
1.284388
1.954081
1.016031
1.993493
0.097904
0.414917
0.050578
1.411912
0.024318
0.864095
1.006849
0.435205
1.613755
0.391723
1.943252
0.329947
0.703862
1.061078
1.580028
1.160837
0.322678
0.456297
0.508577
1.811978
1.260040
0.830039
1.784032
1.819316
0.409513
1.850311
1.832616
1.693901
0.320744
0.848647
0.203747
0.418648
1.779916
0.770677
0.346913
1.804234
1.634772
1.870114
0.755791
1.764879
0.261838
0.699043
0.611178
1.482052
1.760121
0.707558
0.642889
0.599151
1.163856
1.667818
0.411129
0.423896
0.497857
0.711513
0.759564
1.423723
0.561825
0.592180
1.633976
1.398921
1.957179
1.837723
0.333922
1.737095
1.124752
0.680835
0.057681
1.275876
1.067301
0.813472
1.040755
1.845491
0.028867
0.168286
1.327543
0.305341
0.875844
0.486784
0.904492
0.039700
0.154602
1.831974
0.979948
1.168812
0.543487
1.739513
0.592535
1.621664
0.848045
0.226511
1.020586
0.805225
0.580587
1.354508
1.058672
1.705339
0.551695
1.116354
1.497568
1.618996
0.446178
1.054675
1.464488
0.991398
1.222961
0.792031
1.296739
0.098806
1.795168
0.201231
0.654858
1.949770
0.549557
0.151159
1.118582
1.093045
0.407024
0.227469
0.714709
1.771421
0.970333
0.251647
0.576646
1.550920
1.606155
0.151671
1.772611
0.674202
1.268025
1.270179
0.293199
0.230555
0.841207
0.274039
1.221953
0.064168
1.582422
0.518692
0.679326
1.377590
1.236276
1.850537
1.327361
1.785833
0.001696
0.962295
1.395230
0.925072
1.706117
0.626292
0.696493
0.676450
0.877939
1.789492
0.743722
1.000447
1.941163
0.516333
0.191001
1.725540
0.302865
1.000552
1.956095
1.144072
1.274591
1.178049
1.208240
0.857014
0.213093
0.403919
0.750956
1.965721
0.254456
0.594669
0.267907
0.772504
0.073317
1.663137
1.697576
1.779434
0.805781
0.394069
0.455884
0.200073
0.183561
1.199606
1.200520
0.641076
0.232291
1.907873
0.366616
0.535156
0.908426
0.839064
0.195580
0.183017
0.017113
1.920173
1.556383
0.746558
0.324092
0.307340
0.712280
1.094900
0.902009
0.980187
1.867404
0.975326
1.159676
1.564980
1.271112
1.965458
0.475401
0.243348
0.165531
1.175315
1.959306
1.882403
0.332743
0.191598
1.790276
0.699360
1.243106
1.215054
1.538424
1.438687
1.398072
0.071889
1.358860
1.470807
0.818447
1.682952
0.294499
0.047079
0.777852
1.712861
1.543618
1.161608
1.204539
0.703295
1.242940
0.475652
0.668753
0.234693
0.719000
1.350636
1.410008
0.678307
1.233039
1.742752
1.386257
1.539667
0.958464
0.629363
0.754722
1.013240
0.068050
0.669146
1.085129
1.943262
0.139953
0.419928
1.626214
0.950805
0.467008
0.920418
0.663666
0.010626
0.598378
0.384557
1.230273
1.841318
0.860209
1.899026
0.076012
0.095562
1.249662
0.002372
1.290221
0.999053
0.261476
0.676478
0.538721
1.736292
1.305841
1.293443
0.749532
1.890244
1.962589
1.834661
1.833506
0.618894
0.770942
1.976073
1.569699
1.237950
1.412843
0.749717
1.764928
0.011222
1.134275
0.995202
0.368892
1.994484
1.410580
0.961256
0.606398
1.176595
1.479981
1.896619
0.175648
1.741457
0.573097
0.714369
1.994102
0.395291
0.007812
0.743634
0.285535
1.970401
1.094648
0.119041
1.105648
1.865590
0.611466
0.675347
1.619892
0.024310
1.425065
1.384820
0.035532
1.075692
0.896374
0.920776
1.070176
0.306955
1.882033
0.192927
1.483550
1.362014
0.089546
1.659198
1.619823
1.178996
0.889920
1.613925
1.574287
0.897732
0.357560
1.859822
1.384486
1.452208
0.495215
0.490134
1.834150
1.623034
1.165481
1.454042
1.647344
1.106898
0.838862
0.199228
0.182590
0.251589
1.120004
1.769119
1.074896
1.518389
1.962046
0.558446
0.880403
0.567944
0.733996
1.016579
1.746940
1.623916
0.630504
1.321227
1.038001
1.504416
1.697401
0.422487
1.472976
0.708969
0.912621
1.307126
0.332003
0.594454
0.761168
0.495699
0.217705
0.116383
0.694927
0.916647
0.367972
0.331283
0.685766
1.442868
1.849673
1.164164
0.517666
1.246428
1.732109
1.768014
0.263007
1.479049
1.391931
1.409864
1.316629
0.429932
0.914280
1.014030
1.368771
0.387257
0.239351
0.797744
0.210735
0.571354
1.908550
0.971904
1.583405
0.126255
1.088287
0.278332
1.042903
1.972611
1.125968
0.245021
1.415479
0.975641
1.409186
0.449497
0.738421
1.657647
0.217511
1.517781
1.136696
1.609442
1.443997
0.453325
0.555726
0.874629
1.983708
0.440849
1.778238
0.739411
1.238593
1.988974
1.310766
1.147144
0.960878
0.894171
1.273399
0.565517
1.688856
0.832654
0.538128
0.814824
1.077676
0.469959
0.306817
1.003214
0.919456
1.561590
0.660861
1.136967
1.595723
0.313909
1.262762
1.039720
1.283587
0.334840
1.914350
1.783647
0.775690
1.692588
0.523058
0.530635
1.681562
0.350176
1.677779
1.158792
1.760700
1.467531
1.724309
1.449556
0.816537
0.262437
0.780732
0.410565
1.248748
1.603901
1.930131
0.168204
1.165491
0.590992
1.821524
0.761215
1.421254
1.600638
1.800935
0.704841
0.451830
0.231637
1.004840
1.743872
1.924226
1.527898
0.274508
1.605788
1.878075
0.468639
1.280933
1.638775
0.452522
1.005242
1.604683
1.269060
0.385415
0.195977
1.032780
1.989316
0.126109
1.200985
1.671159
1.233453
1.538861
0.432374
0.654707
1.139499
0.749662
1.875900
0.107681
0.981299
0.880740
1.851554
1.421877
0.924991
0.126062
1.544018
1.319418
1.111053
0.824951
0.958193
1.563576
1.830193
1.079228
1.348988
1.614225
1.980995
1.544965
0.647006
1.970311
1.671074
0.364343
0.157822
0.904528
0.419556
1.106549
1.559055
0.372563
0.467840
0.183088
1.870214
1.864932
0.034642
1.292092
0.789923
0.160704
0.836110
0.109341
1.271758
0.177413
1.583886
1.351686
0.007606
0.663114
0.700674
0.138184
0.644109
0.761991
1.301542
1.130772
0.433066
0.182237
1.804947
1.853946
0.601793
0.911496
0.445885
0.677200
1.284059
0.913725
0.860288
1.670625
0.778658
0.894931
0.962717
0.084933
1.571987
0.315179
0.710627
1.360097
0.492592
0.294513
0.711783
1.016551
1.473980
1.928809
1.154735
0.634441
0.690801
0.972629
0.281566
1.640219
1.154866
0.602865
0.010517
1.756659
0.030713
0.456402
0.433859
1.314772
1.810499
0.985397
1.181490
0.705430
0.464467
1.782775
0.793770
0.779646
0.493402
0.153867
1.272239
1.304268
1.382003
0.288790
1.294600
1.310812
1.959877
0.445393
0.517965
0.932506
1.243311
0.158184
0.087372
1.846176
0.685053
0.360383
1.876889
1.141456
1.310594
1.708013
1.544288
1.121093
1.209763
0.725778
0.342876
1.674230
0.508553
1.136646
0.970228
1.518308
1.290513
0.758819
0.822576
1.188868
1.047609
0.633528
1.016033
1.523838
1.078921
1.533998
0.456344
0.322233
0.208535
1.060068
0.168409
0.893588
1.420451
0.045299
0.551396
0.731045
0.269664
0.095684
0.368491
1.479427
1.337814
0.711367
1.670009
1.846368
1.848013
0.640238
1.881028
1.654878
1.399057
1.219956
1.360099
0.963019
1.853484
0.376132
0.486857
0.932405
1.910130
1.459554
1.770990
0.635017
0.519622
1.939400
1.528606
0.456426
0.501051
0.080002
1.187471
0.770715
0.692039
1.555962
0.766495
0.029853
0.783681
0.436504
0.392573
1.148046
1.076742
0.273601
0.802925
0.992152
1.493557
0.163024
1.955171
1.347041
1.055508
0.958380
0.795799
1.481990
0.417934
0.566789
0.117008
0.937557
1.022541
0.161966
1.910335
1.523592
0.241968
1.097806
0.810660
0.934007
1.170121
0.093507
0.963861
0.470154
0.530011
1.872786
1.618201
0.123106
0.146388
0.421126
1.115258
1.639945
1.100502
1.070429
1.503339
0.672362
0.028809
0.299138
0.154352
0.963096
1.382279
0.271360
0.417005
0.404821
0.433326
0.327340
0.444765
1.191647
1.425146
1.771777
0.642006
1.111619
1.865284
0.122219
1.581774
0.395296
1.995006
1.199975
1.034754
0.141394
0.137453
0.150012
0.297691
1.754307
1.736793
0.317382
0.426669
0.281954
1.132872
0.581021
1.245050
0.515152
1.368734
1.662055
1.436325
0.318412
1.989395
1.881090
1.510059
1.930894
1.652868
0.668418
1.042513
0.034504
0.790637
1.140639
0.429800
0.785643
0.856966
1.464554
1.443389
1.510771
0.130918
0.257433
1.265078
1.867711
0.574815
0.208099
0.149666
0.224040
0.789121
1.394716
1.255544
0.674207
1.573124
0.691869
0.992619
1.562519
1.089311
0.502679
1.493413
0.742179
1.171097
1.052279
1.293036
0.478086
0.709270
1.722836
1.780082
1.566237
1.703743
1.223471
1.077008
1.997256
0.858439
0.218725
1.088424
1.066538
0.368391
1.312464
1.855659
0.279459
0.568008
1.046218
0.368935
1.776229
0.038838
1.931455
0.865540
1.057869
1.941220
0.124072
0.745318
0.993499
1.417108
1.223404
1.702770
1.656296
1.003486
1.785359
1.360039
0.743310
0.862367
1.711053
0.740566
1.720806
1.929778
1.828990
0.787345
0.814521
1.657806
1.159356
1.610332
0.742166
0.205575
1.979268
0.518395
0.760765
0.427075
1.383936
1.818634
0.368295
0.024360
0.563952
1.878147
1.441468
1.787356
0.097269
1.097764
0.790843
1.882628
0.974156
0.050505
1.261347
0.685209
0.791071
1.498506
1.131339
1.136414
0.802203
0.462212
0.794220
0.477911
0.072544
1.536387
1.199838
0.568164
0.571134
1.960603
0.995239
1.955070
1.779237
1.879887
1.979430
0.343189
0.274386
1.937250
0.646898
0.371655
1.035015
1.954093
0.770635
0.525523
0.004598
0.031982
1.727084
0.795669
0.046840
0.858423
0.448435
0.849043
1.320635
1.242656
1.326955
1.909531
1.295395
1.043145
0.994048
1.866529
1.003749
1.989287
0.337952
0.782986
0.385526
0.833734
1.642528
0.659912
0.770985
0.289426
1.031567
0.322352
0.243519
0.318554
0.847875
0.248117
0.866889
0.574959
1.560138
0.913729
1.949734
0.008574
0.279125
1.270369
1.767582
0.122432
1.696252
1.579329
1.165577
0.690300
1.445858
0.169326
1.195940
1.783810
1.468665
1.581466
0.617545
1.111193
0.241379
1.904882
1.400619
1.789298
0.227234
1.644138
0.624205
1.075109
0.408607
1.491094
0.166420
0.485097
0.921175
0.116154
1.010023
1.200300
1.902875
0.777605
1.322732
0.115479
0.873286
1.004662
0.805780
0.319145
1.173988
0.518072
0.619307
0.642653
0.099538
1.753204
0.270198
0.857269
1.658086
1.670817
1.162920
1.885320
1.831307
1.787125
1.476781
0.756266
1.794571
0.159553
1.241364
0.715746
0.275707
0.251387
1.916047
0.694934
1.545345
1.755131
0.810414
0.418631
1.276145
0.132546
1.254128
0.966486
0.650618
1.873436
0.125491
1.266508
1.626640
0.395690
0.640130
1.284727
0.066507
1.803050
1.686399
0.414167
0.106527
1.679533
1.170433
1.901098
1.839086
0.411797
1.133196
0.114794
1.179537
1.565595
0.809728
1.241234
1.320727
0.136494
1.659865
1.113224
0.269040
1.430346
0.079710
1.436010
1.303782
0.205202
0.702519
1.446774
0.600892
1.342649
1.247853
1.183751
1.662051
1.450605
0.114270
1.768578
1.130138
1.284704
0.186028
0.969224
1.696501
1.319224
1.600370
1.392390
0.884820
0.410099
0.633624
0.721899
1.062945
0.809842
1.835123
1.848338
0.240188
1.914834
1.284348
0.060322
0.636388
1.986867
0.023448
1.753632
1.845868
1.271302
1.453735
1.507919
1.238259
1.568006
1.792849
0.368397
0.852710
1.978877
1.337621
1.065563
1.298102
0.937992
0.457954
0.699274
1.864443
1.607930
1.421173
1.443740
0.934124
1.772648
1.292078
1.174312
0.203834
0.576427
1.750986
0.840222
1.079646
1.774435
1.110206
0.925515
1.562089
0.563942
0.949786
0.800348
0.648300
0.742636
1.685097
1.501010
0.721513
1.539070
1.082925
0.535967
0.477062
0.057231
1.235241
0.857857
1.665162
1.172766
0.301598
0.599286
1.461767
1.593676
0.289951
1.665601
0.686455
0.557289
1.022176
1.766102
0.331724
0.132382
1.207969
0.410165
1.212676
0.157755
1.726865
1.860976
0.900391
1.928314
1.878338
0.138257
1.467385
0.961264
0.674224
1.944447
1.018495
0.425818
1.318657
1.200009
0.114936
1.620255
1.799296
1.576703
1.730283
0.605599
1.758657
0.416739
1.162888
0.780833
0.699193
0.010965
1.429567
1.907162
0.937482
0.642244
0.581269
0.664348
1.019572
1.998013
1.109014
0.897911
0.136270
0.576399
1.859175
1.326846
0.520847
1.394022
0.269016
1.839504
0.594032
0.383953
1.976111
0.909680
0.477008
1.706394
1.515279
0.235665
0.123133
1.194519
1.532850
1.338678
1.205484
0.962418
1.245840
0.659319
0.121014
1.827110
1.840019
1.140586
0.341475
0.949033
0.038497
0.477745
1.525433
0.414024
1.804591
0.562632
1.808047
0.589960
0.918488
0.402079
0.973913
0.894599
1.311759
1.967273
1.117345
1.343390
0.719291
1.756831
0.537909
0.252141
1.095509
0.259746
1.214559
0.857702
0.919065
1.335573
1.201164
0.759084
0.476160
1.542639
1.708117
1.031009
0.020384
1.233550
1.445034
0.341327
0.312534
1.253081
0.931287
1.231022
0.171512
0.421552
0.641973
1.999623
0.388826
1.759319
1.343013
1.624469
1.516150
0.397274
1.876610
0.611659
0.657020
1.091170
1.469361
0.092437
0.943095
0.670525
0.851521
1.935607
0.213164
1.075991
0.966617
0.749900
0.825893
0.411651
1.091228
1.138428
0.181084
0.538867
0.369450
0.868948
0.960420
1.527776
0.868571
1.865598
1.287095
0.211584
1.490067
0.803245
0.608858
1.883029
1.931256
1.782231
0.974199
1.916970
1.874668
0.433647
1.103847
1.242542
0.369254
1.833364
0.318533
1.335871
0.583264
1.660778
0.263874
0.190844
0.799206
0.961310
0.729712
1.685009
1.830258
0.206484
1.212785
0.698829
0.588434
1.016232
1.426765
0.594853
0.335829
0.551976
0.477882
0.267085
0.850559
1.968434
0.700407
0.725227
0.402081
1.804255
0.484121
0.771335
1.637619
1.319006
0.107207
0.737235
0.979785
0.887433
1.444432
0.295343
1.848744
0.690496
0.496704
0.195354
0.896980
0.225841
1.410536
0.001766
1.242073
0.837301
0.596619
1.577902
1.905629
1.590853
0.361340
0.756188
1.559287
1.061747
1.997768
1.961368
0.866002
0.481889
1.249056
1.019973
1.800896
1.872615
1.757209
1.297033
0.760048
1.201641
1.592376
1.125144
1.892137
0.605433
1.320499
1.305469
0.831274
0.731035
1.307235
0.589700
0.084688
0.420206
0.167602
1.990318
0.011059
0.528942
0.746506
0.086699
0.107042
1.260626
0.048067
0.973044
1.742516
1.813475
1.993018
0.059764
1.686090
0.266579
1.873149
0.446139
1.468220
1.981877
0.087635
1.876709
0.587310
1.408134
1.698530
1.934937
0.655521
1.005765
0.524637
1.256562
1.942323
1.208591
1.246880
0.469734
1.737534
0.509738
0.556433
0.360928
1.770365
1.120853
1.333972
0.029233
0.934328
1.843342
0.605349
0.620419
0.109921
0.478498
1.582910
0.094493
0.460375
1.670545
0.487554
1.047686
1.595032
0.186084
0.982623
0.766905
1.708201
0.023612
0.023467
1.650524
1.232203
1.270347
0.636611
1.486089
0.296438
1.193044
1.847017
0.583155
0.313897
1.180990
0.612388
1.248226
1.540684
1.217737
0.384997
0.166958
1.696235
1.967907
0.261451
0.156610
0.154804
1.265358
1.720648
1.749836
1.451442
1.219623
0.516742
1.675996
1.243235
0.540209
1.842872
0.475439
0.326909
0.479483
1.961528
1.139699
1.672528
0.324898
1.722854
0.502777
0.022240
0.335242
0.267355
1.562924
1.552979
0.652352
1.729882
1.765566
1.136611
0.507686
0.438528
1.291416
1.773044
0.159177
1.041252
1.740838
1.895152
0.074346
1.416834
1.654740
1.130908
1.259707
0.130179
1.457817
0.255542
0.608059
1.113868
1.928070
1.449309
0.836722
0.947200
1.471549
1.171964
1.214555
1.034474
1.241295
1.866908
0.764356
1.523213
1.519871
1.788394
1.961741
0.811287
1.561438
0.637270
1.852540
1.818629
0.532423
0.443238
1.751815
0.703515
1.574146
1.527874
0.833694
1.548315
1.783417
1.958105
0.662183
0.227839
1.407415
1.498905
1.175039
0.878964
1.187221
0.905947
0.429790
0.428516
1.289207
1.710499
1.951729
0.809078
1.498893
0.429823
1.620366
1.576684
1.067093
1.989258
1.395313
0.115868
0.432496
1.147128
0.819383
0.006643
1.191355
0.169429
0.071310
0.974772
0.643887
0.733494
1.718963
0.567654
0.232399
0.894003
1.962970
1.935973
1.799950
0.392761
0.364489
1.089157
0.103260
0.832571
0.414587
0.118505
1.778746
0.034953
1.695189
1.362191
0.024211
1.606854
1.994412
0.456708
1.270335
0.813795
0.979703
0.461690
1.499577
1.051013
1.436462
0.659816
0.300859
1.155425
1.743822
1.049611
0.565780
0.223144
0.985584
0.882082
0.615905
1.866425
0.487591
1.235517
0.698996
0.902179
1.354023
0.994094
0.937132
1.565564
0.356286
1.477696
1.172419
0.350698
1.934404
0.442754
1.680845
1.430459
0.904444
1.696774
0.997824
0.857258
0.356590
1.298684
0.529035
0.616764
0.348295
1.094816
0.839909
1.333879
0.493250
1.972166
1.200304
0.980842
1.207684
0.415653
1.883021
1.078059
1.409747
1.336505
0.643623
1.766033
0.814201
0.332394
0.633083
1.264957
0.775148
0.313929
0.695416
1.679592
0.010703
0.209593
1.053202
0.883646
1.508277
1.582238
1.500410
1.856572
1.193406
0.856671
1.706803
1.686656
0.828838
0.907107
1.183850
0.552874
1.839112
1.066871
0.147285
1.765212
0.919729
1.307260
1.531245
1.733930
1.639655
0.680681
0.998888
0.414803
0.994610
0.210656
0.610748
1.521665
0.420249
1.663950
0.405311
0.444878
1.762540
0.422074
0.817802
0.955946
1.278745
0.524605
1.158955
0.623935
1.948065
0.342805
1.176809
1.787177
1.926029
1.324094
1.552389
0.845758
0.631355
1.599987
1.096040
0.787362
0.280668
0.094928
1.202165
1.791630
0.821937
0.329265
1.313295
1.758538
0.509568
0.234959
0.203417
0.272108
0.657033
1.537571
1.744407
0.452130
0.062177
1.419714
1.076066
0.010242
0.278871
0.769227
0.313771
0.204900
0.093322
0.382513
1.567010
1.241029
1.982500
0.663051
0.028391
0.779520
1.274331
1.746908
0.571150
0.612620
0.592526
0.400797
0.371159
1.102094
0.635756
1.090928
1.890554
1.292789
0.628499
1.634961
0.261272
0.690676
1.571027
1.853690
1.217270
1.849899
0.622917
0.047394
0.571151
1.232591
0.429907
0.138162
0.989972
0.412407
0.801213
1.534715
1.191927
0.591896
1.281624
0.279429
1.204517
1.874150
0.680226
1.575676
0.976244
1.315983
1.182956
1.383150
1.125124
1.811455
1.018112
1.902748
1.018484
1.105491
1.756438
0.752106
0.955390
0.895708
0.799500
1.526542
0.128299
1.229407
0.181056
1.634624
0.158166
0.982269
1.169339
1.866445
1.574165
0.450963
0.145874
1.295034
0.841465
1.342453
0.870710
0.334061
1.174788
0.570018
1.717212
0.299912
0.381474
1.251676
0.719013
1.916310
0.357167
0.475451
1.184768
1.828910
1.887511
1.984269
1.355452
0.015811
1.730028
1.536508
0.166787
1.888195
1.035129
1.336126
1.754640
1.125646
0.303442
0.416867
0.420681
1.144907
1.759320
1.807743
1.995321
0.934108
0.894114
1.712533
1.750372
1.791940
1.480561
0.469385
1.708250
0.354080
1.461189
0.893018
0.182990
1.348700
1.393639
0.054794
1.880863
1.123668
0.107654
0.047650
1.528215
1.659135
1.383777
1.282855
0.784782
0.203571
1.699722
1.721815
1.348478
1.975394
0.045910
1.860151
0.909502
0.940024
1.572684
0.659875
0.731964
1.569597
1.645612
0.956566
1.923678
1.106801
0.365937
0.106668
0.971854
0.275928
0.161463
0.852717
1.915948
0.785469
1.416720
1.444163
0.444605
1.316849
0.727019
1.745739
1.520420
0.943093
1.983906
1.385250
0.546168
1.245402
1.827990
0.002545
1.334438
1.004217
0.734509
0.904036
0.649830
0.207428
0.827714
0.272983
1.089717
1.450734
1.244837
1.365645
0.128549
0.613907
1.281594
0.914019
0.546979
0.725757
1.874976
1.863828
1.969128
1.620715
1.384248
0.912222
1.604621
1.285850
1.830710
0.667141
0.531252
0.175052
0.669686
1.865691
1.179270
1.404196
1.286079
0.345452
0.127976
0.630145
1.134787
1.217693
0.080879
0.895977
1.099690
0.725781
1.509884
0.381284
0.156152
0.056863
1.623394
0.031128
0.437043
1.592522
0.168195
0.337643
0.504744
1.772816
1.623493
0.851806
0.439957
0.154746
1.026859
1.625996
0.536789
0.722481
1.546544
1.822868
1.584285
1.674520
0.969365
0.719072
1.408565
1.050244
0.131401
0.508255
0.292377
0.157637
1.405892
0.448529
0.730852
1.029286
0.996009
1.167895
0.621808
1.164204
1.505538
1.126553
1.453372
1.645384
0.494711
0.409682
0.316482
1.521570
0.035678
0.853271
0.760403
1.582222
1.192491
0.861040
1.256742
0.161856
0.096465
1.181659
1.728452
0.227866
1.689914
0.537182
0.385504
1.095806
0.985711
1.116356
0.125092
0.498073
0.800604
1.263253
1.662277
0.306142
0.906158
1.115650
0.467878
1.400869
1.525332
0.784360
1.438792
1.561010
0.153983
0.199195
1.659584
1.862826
1.576588
1.432678
0.541034
1.673053
0.614337
0.269487
1.900919
0.304251
1.323021
0.802775
1.916410
0.825084
0.435484
0.557854
1.323157
1.236088
1.821107
0.985435
0.058582
0.727265
0.617437
0.526461
0.128135
0.659121
1.310821
1.566927
0.736483
1.981157
0.282474
0.396067
1.843983
0.375414
1.828745
0.385018
0.048467
0.443082
1.170857
0.465739
1.263685
0.493878
1.268514
1.180095
1.318962
0.220350
1.737950
1.158472
1.456438
0.075409
0.143907
1.515021
0.802675
1.277696
0.041482
1.447162
1.936817
1.868655
1.530441
0.673300
1.849812
1.812915
1.069367
1.693796
0.704682
0.898112
0.595166
0.753149
1.857546
1.766023
1.735240
1.121231
0.259901
1.520107
0.301327
0.095215
1.740457
0.555629
1.253687
1.196896
0.631038
1.913946
0.711917
1.950065
1.191642
1.269751
1.397227
1.128459
1.654758
0.927668
1.801759
0.020923
1.256936
1.387478
0.231071
1.961618
0.285590
0.826237
1.231119
0.143136
0.592260
0.966360
1.780720
1.368513
0.486467
0.598399
1.463728
0.226924
1.154028
1.233768
1.940172
0.301418
1.147714
1.168441
0.767836
0.339357
0.954544
0.165063
1.984168
0.609303
1.609084
0.302280
1.146578
0.866020
1.689758
1.377649
1.343990
0.491701
0.203886
1.091461
0.634837
1.312498
0.057821
0.931909
0.681011
1.060640
1.530308
0.661091
1.803917
0.684336
1.894859
1.744089
1.502107
1.558926
0.912531
0.269943
1.898283
1.867075
0.951358
0.398803
0.992730
0.560442
0.701083
0.139308
1.942814
0.390842
1.516957
1.803156
0.882543
0.237195
0.894618
0.033732
1.549693
1.468791
0.965642
0.747056
0.529432
1.012302
1.408148
0.333349
1.696639
1.819359
0.593790
1.715098
1.378285
1.506321
0.501393
1.792920
1.889749
1.452751
0.191724
0.882479
0.529546
1.409159
1.538140
0.472360
0.316353
1.055097
0.275517
1.715248
1.808645
1.686487
0.265333
1.358338
1.155278
1.747327
0.105395
1.684710
0.759629
0.029895
0.534411
0.972620
1.849254
1.128202
0.687718
1.743892
1.150875
1.189111
1.536812
1.040624
0.641863
0.244888
0.439456
1.171409
1.654048
1.977596
0.160121
1.549045
0.951990
0.202002
1.357690
0.638477
0.467335
0.716029
0.310108
0.214662
1.337776
0.511170
0.974291
1.367671
1.045582
1.946912
1.733277
0.690136
1.150982
1.477169
1.841011
0.340094
1.530334
1.397988
1.498309
1.775222
1.837444
1.186070
1.945622
0.331392
1.862543
0.432376
1.880437
0.814534
0.634378
1.238128
1.969363
1.101713
0.470509
0.279471
1.832727
0.324637
1.306994
0.807018
0.208660
0.868928
1.270282
1.941937
1.559064
0.421265
1.935459
1.916427
1.277711
1.465793
1.314415
1.292372
1.241015
1.668211
0.478442
1.186638
1.999603
0.857337
1.619014
0.396393
1.671871
0.769744
0.150873
0.157587
1.871457
1.137734
0.953410
1.704184
1.462371
0.260404
1.027554
1.671031
1.129332
0.297837
0.129320
1.204748
1.235454
0.064779
1.121176
0.513165
1.530572
0.951943
1.805537
1.287940
0.620155
0.800331
0.990930
1.136110
1.657668
1.126296
1.532503
1.845892
1.896040
1.683376
0.003479
0.283849
1.337462
1.473241
1.988033
0.799833
0.249998
1.531939
0.987216
1.379330
1.829776
1.632889
0.584079
1.581582
1.697668
0.221607
0.094747
1.744593
1.173550
0.416636
1.548885
1.793705
1.216967
0.539815
0.929816
1.390988
1.666111
0.978671
1.236880
0.078503
1.178400
1.756711
0.362352
0.515862
1.746304
0.866737
1.832048
1.996302
0.398676
0.819264
1.375633
0.744805
0.968505
0.476064
0.326387
0.666174
0.697671
0.937487
0.927119
0.387573
1.354123
0.476004
0.181279
1.087443
1.532171
1.627447
0.478431
1.714634
1.122470
0.231663
1.793137
0.300870
0.504726
0.155489
1.333085
0.251030
1.538578
1.165133
0.247333
1.937254
0.500749
0.139318
0.682059
1.469255
1.131734
1.008447
0.651781
0.345757
0.462286
1.578900
0.733330
1.816409
0.571256
1.430961
1.420204
0.103427
1.058408
1.898635
1.818061
0.697231
0.646650
0.127550
0.998101
1.667728
0.799391
0.847538
1.918759
0.337969
0.012671
0.682444
0.275223
1.029773
1.338114
1.473635
1.015380
0.469848
0.998434
1.667161
0.815605
1.460720
1.762413
0.065287
1.277129
0.333669
1.496249
0.697334
0.953448
1.071009
1.112321
1.287861
1.768240
0.275324
1.415411
1.282694
1.943052
0.731154
0.130232
0.378163
1.069123
0.659256
1.060607
1.860698
0.205381
0.398721
1.334333
1.220761
1.384921
0.332767
1.404274
0.716878
0.309839
1.166687
0.782166
1.586969
0.016708
0.794767
0.800655
0.970156
0.382128
0.429328
0.774369
0.666721
1.221004
0.706132
1.949415
1.164057
1.437286
0.595999
0.058572
0.506409
1.771607
1.119180
0.367107
1.976988
0.034253
0.217793
1.197749
1.935527
1.066912
0.602023
0.652405
1.376752
0.285062
1.950923
1.480073
0.301770
0.745690
0.797080
1.788278
1.127819
1.226408
0.562647
0.310892
0.963765
1.268779
0.260307
0.644174
1.222417
1.372658
0.702746
1.728826
1.144266
0.338278
0.612286
1.121254
0.372532
0.830079
0.835356
0.308059
1.896991
1.437379
1.476816
1.790095
1.722442
1.427740
1.270168
0.540564
0.689782
0.067248
0.328843
0.333953
1.810009
1.407842
0.644845
0.773774
1.192974
0.905152
1.417948
0.415391
0.277811
0.120694
0.660570
1.938429
0.975325
1.272856
1.059683
1.347857
0.619287
1.895039
0.172268
1.032630
1.848771
1.649084
0.822726
0.087565
1.593176
0.092894
0.628129
0.282959
0.160143
1.473324
0.616912
1.970152
0.881167
1.261758
1.260278
0.590493
0.683262
0.678226
1.005884
1.477425
1.315272
1.666454
1.415854
0.290597
1.455662
0.475538
0.154806
0.591301
0.886929
0.843426
0.140284
0.735700
0.492511
0.963010
1.339617
0.602039
1.572256
1.967747
0.884998
0.248751
1.957423
1.501911
0.735255
0.838590
1.280021
1.995533
1.429083
1.963283
1.190111
0.951320
1.440709
1.021736
1.134126
0.856563
1.312333
0.589789
1.848453
1.983492
1.697442
0.735383
0.826918
1.837726
1.987435
1.835781
1.317088
1.843405
0.437821
1.405697
1.811152
1.322819
1.654448
1.768575
1.341082
0.906056
1.123518
0.621103
1.417941
1.068953
0.584387
1.124405
0.020273
0.025096
0.146141
1.154400
1.398011
1.974826
0.260541
1.246465
1.958318
1.957983
0.498200
0.785237
0.312062
1.001987
0.621018
1.629150
0.845392
1.575191
1.551199
1.172896
0.898011
1.722000
1.457824
0.755445
0.628056
0.581342
1.376549
0.562349
0.166647
0.477288
1.686754
0.186921
1.018736
0.349247
1.857673
0.416747
0.324074
0.118214
0.179564
0.282392
0.592549
0.677764
1.583981
0.904611
1.679752
0.721352
1.050114
1.041496
0.296543
0.601313
0.214393
1.710906
0.323313
1.672217
0.466352
1.467721
0.769911
0.359253
0.030071
0.936558
0.836541
0.233177
1.123479
1.855277
0.582425
0.981152
0.788376
0.906499
1.615718
0.967941
1.705243
0.208268
1.645705
1.289225
1.112879
1.841809
0.010577
0.162993
0.883306
0.823472
1.280659
1.097699
0.534379
1.603972
1.286268
1.000731
1.071694
0.056179
1.876336
1.618117
0.992737
0.712877
1.851294
0.632569
1.084506
0.433719
0.130073
0.389234
1.340218
1.745792
1.357175
1.045462
1.954060
1.519233
0.334687
1.066939
1.877394
0.861616
1.746285
0.760700
1.685088
1.026944
0.374751
0.735819
1.147268
0.177371
0.252902
0.218962
0.233550
0.129238
1.837079
1.742640
1.358467
1.688374
0.375209
0.442973
0.638445
0.505282
0.832208
1.978664
0.251074
0.705735
1.024126
0.721486
0.224968
1.875165
1.788426
0.618715
1.253133
0.051063
1.379415
0.938221
1.594359
0.270519
0.190393
0.741627
0.447890
0.443295
1.476942
1.197793
0.572534
1.830373
0.940433
1.931001
0.035099
1.831994
0.890327
0.673545
0.337276
1.722535
0.652209
1.104703
0.944622
0.192687
1.826189
1.685943
0.584204
0.130967
0.304658
1.837337
0.698382
0.200425
1.291910
0.292741
0.470944
1.482303
1.034369
1.435187
1.925599
1.027663
0.632980
1.014485
0.858036
0.089765
0.945486
0.893136
1.921759
1.835813
1.566681
0.775387
0.074700
0.735242
0.396442
1.019323
0.927929
0.738984
1.221618
0.028485
0.869951
1.526276
1.865822
0.084686
1.726701
1.674084
0.377427
0.713998
1.672740
1.928148
0.149185
0.114691
0.955811
1.298517
1.129176
0.330200
1.388282
0.074662
1.223336
1.826393
0.426828
0.790017
0.601780
0.501528
0.041611
1.514575
0.037203
1.485892
0.253559
1.258821
1.514377
1.639862
1.301449
1.896551
1.724548
1.028151
1.570635
0.618328
1.742149
1.759727
0.546476
0.407686
1.874418
0.018640
1.706203
1.003594
0.348840
1.610837
1.594609
0.088528
1.437230
0.021437
1.394897
0.555362
1.039317
1.436508
0.069937
1.592873
0.922400
0.839848
1.368046
0.436777
0.479711
0.669496
0.333328
0.720611
0.213999
0.420315
1.338939
0.472500
0.180043
0.401768
0.880186
0.054461
0.420408
0.586389
1.574408
1.285600
0.713578
1.169017
1.374128
0.150808
1.706806
0.769025
1.222522
0.746123
0.205533
1.808812
0.855348
1.644285
0.648660
0.223395
0.081062
1.644723
1.409243
0.930742
0.365335
1.623242
1.867409
0.220626
0.095742
0.563804
0.622394
1.492280
1.134618
1.559154
0.078669
0.709026
0.844754
1.308599
0.394395
0.735234
1.459407
0.101201
1.504259
0.681929
1.363676
0.226144
0.490741
0.219025
1.870429
1.655754
0.958772
0.467843
1.300477
0.368015
1.914937
0.182164
0.507609
0.298699
0.402791
1.119703
0.862503
1.025185
0.611983
0.513473
0.584340
1.207004
1.222499
1.945446
0.515603
0.133246
0.491362
0.234447
0.701292
1.689643
0.114476
0.927437
0.696737
0.849853
1.314218
0.352491
0.324977
0.298414
0.169320
1.209344
0.729703
0.351485
1.716953
1.028402
0.754276
1.353008
0.407258
1.779461
1.964991
0.920731
0.880153
1.171995
0.659583
0.825600
0.203950
0.792829
1.506281
0.695312
1.027277
0.723925
0.384955
1.658105
1.651362
1.081692
0.507958
1.481933
1.950535
0.832935
0.296699
0.119856
0.042279
1.026402
0.471341
0.275584
0.054805
1.225617
1.628592
0.978415
1.521430
0.109935
1.899146
0.401584
1.798282
0.558729
1.743536
0.002232
1.351559
1.766169
1.213896
0.895188
0.490094
0.115203
1.069645
0.657809
1.713248
1.577603
0.139742
1.663783
0.926890
0.436441
1.783639
1.485521
1.462843
0.771332
0.277457
0.034000
1.996949
1.906049
1.528767
0.034732
0.015984
1.427914
0.436316
1.814266
0.502995
0.696204
0.332850
0.370906
0.462373
1.546746
1.266094
0.952467
0.178301
0.335739
1.610276
1.891549
0.429694
0.266370
1.555333
1.872936
1.219163
1.855324
1.358457
1.198359
0.626657
0.152266
1.748711
1.139958
0.058315
1.277479
1.174690
0.590651
1.221745
0.127358
0.921269
1.724740
0.823562
1.770471
0.095647
1.802287
1.317217
1.878093
1.271107
1.495519
0.730185
1.397735
1.903420
1.676231
1.664106
1.458753
1.549168
1.399621
1.314078
1.423977
0.597980
0.457087
1.576244
0.346692
1.597045
0.150911
1.624171
0.771736
1.257915
1.362268
1.415446
0.179184
1.087008
0.755361
1.949656
1.699007
0.557648
1.783225
1.577101
1.828755
1.795096
0.307286
1.226491
1.698517
0.499869
1.406949
1.157270
0.049037
0.806570
0.987700
1.989367
1.404551
1.444787
0.081963
1.751243
1.558185
0.232874
1.891766
0.846273
1.490789
1.254034
0.261719
0.186326
0.857394
1.017080
0.135982
0.556402
0.091081
0.435559
0.649855
1.919836
0.230656
1.473493
1.146327
0.445525
1.973362
1.069628
0.119147
0.538752
1.876199
1.623200
0.528119
1.280750
1.067987
0.610082
1.548345
1.142524
0.842956
1.956463
1.988797
0.850098
1.726849
0.250517
1.036424
0.584243
1.783949
1.688758
1.656997
1.875030
0.124317
0.306852
0.311219
0.871325
1.780345
1.973898
1.316850
1.753708
1.043527
1.435998
0.808812
0.919726
1.059198
1.336931
0.200476
0.643537
1.947013
0.265173
1.786062
1.306321
0.221636
1.774859
0.672771
0.464837
0.541728
1.709195
1.565432
0.325678
1.397953
1.222430
0.717060
1.522271
0.045634
1.028279
0.909948
1.825980
1.002178
0.226799
0.096040
0.045705
0.179149
0.904852
0.965431
1.754699
0.758135
1.682259
0.398236
1.221500
0.463784
0.700650
1.044173
1.201772
0.991862
1.716945
1.666609
1.533590
1.426140
1.232041
0.375620
1.340446
0.970823
1.092681
1.379069
1.016458
0.637312
0.289017
1.358790
1.639490
0.515816
1.971182
0.201547
1.211317
1.392386
1.166978
0.966016
0.666873
1.365589
1.880605
1.888373
1.829373
0.581255
0.932546
1.547497
0.089469
0.649491
1.214106
1.623060
0.591984
0.962500
0.515032
1.932430
1.933323
0.124065
1.311499
1.466133
0.761378
1.600516
1.341275
0.917220
0.632685
1.828809
1.118768
1.844002
1.737547
0.802098
1.326371
0.404420
0.684040
1.206976
0.292793
1.029765
0.304583
1.741692
0.577263
0.394053
0.907535
1.791369
0.533465
1.499519
0.753869
1.564849
1.431949
1.203545
1.688915
1.259800
1.186030
0.966645
1.376669
1.043658
1.883865
0.009354
0.872467
1.002633
0.369708
1.126367
0.321084
1.696079
1.530787
1.005124
0.903055
0.339933
0.034889
1.723991
0.081625
0.612152
0.118044
0.989160
0.919874
1.167861
1.005032
0.190095
0.732710
0.953333
1.909992
0.421625
0.213134
1.096023
1.904622
1.589803
0.656033
1.788488
0.115509
1.528500
1.307473
0.485217
0.654867
1.628557
0.181297
0.702007
1.150033
1.600704
1.041940
1.184923
1.324695
1.639917
0.313427
1.959091
1.145429
1.233301
1.643304
0.150461
1.423397
0.376015
1.103795
1.333389
1.313992
1.833281
0.945764
1.218615
1.423084
1.601797
1.007103
0.054945
1.646650
0.830928
0.540162
0.817869
0.459486
1.237811
0.036228
0.125871
1.354868
1.078168
1.827146
1.195915
0.718085
0.140574
1.155007
0.379867
1.373875
0.798311
0.530328
1.313624
1.690678
1.634123
1.163366
1.004671
1.983756
0.625482
0.739638
1.923192
0.227280
1.746741
1.978137
0.390282
1.094021
0.518300
1.724503
0.069859
0.272463
1.760732
0.195731
1.627331
1.355252
0.022877
0.823247
0.589690
0.163451
0.494606
0.969557
0.053679
1.809269
1.499885
1.883655
0.016300
1.650361
1.047021
1.020971
1.634117
1.672504
0.276961
1.557310
0.416136
0.540054
1.535447
1.322770
1.634075
0.570099
1.047273
1.703935
0.842563
1.324357
1.899666
0.986246
0.679610
1.922543
0.325845
1.269300
0.602347
0.820451
0.238857
1.172378
1.146073
1.738742
1.056033
1.162373
1.389103
0.619407
0.699696
1.539573
0.808263
1.493009
1.096883
1.740751
0.033063
1.148682
1.063521
1.667138
1.718782
0.627146
1.371073
1.077697
1.951504
1.787091
0.580295
0.631114
0.225987
0.906141
1.900414
0.828334
0.242944
0.139271
0.517064
1.905369
0.394365
1.573097
1.584094
0.299821
0.708856
0.283790
1.839394
1.517119
1.776799
1.452629
1.774222
0.326214
0.601311
0.837743
1.993353
0.836445
1.981242
1.880778
0.430494
1.932746
1.667870
1.010790
0.563860
0.410209
0.433283
0.980626
1.754895
1.192579
1.119897
0.271959
1.097949
0.030614
0.361408
0.682043
0.330435
1.070265
1.482186
0.169829
1.103736
1.775337
1.622458
0.877959
0.101552
0.740122
0.232054
0.611257
0.092919
0.213296
0.492035
0.523414
0.662394
0.676257
0.050556
1.226254
1.086466
1.000191
0.723232
0.841361
0.192770
0.359481
1.629672
1.290719
0.390096
1.991081
0.489115
0.720531
1.577698
1.971301
1.406713
0.681434
0.262990
1.029171
0.075745
0.364542
0.285645
0.824152
0.975799
0.378565
1.037448
1.467835
1.418331
1.699843
0.660444
1.468887
1.442449
1.746911
0.469078
0.165682
1.104624
1.178200
0.525163
1.250649
0.468920
0.915259
1.241730
0.958035
0.152143
1.335780
1.445688
1.558856
0.533566
1.708678
1.104379
0.609312
0.589573
1.390025
1.433464
1.565372
0.284942
0.987264
1.549559
1.703273
1.203459
0.210004
1.688512
1.162261
0.473267
0.673942
1.844295
0.094243
1.852142
0.369458
1.344892
0.837414
1.801070
1.102974
0.311801
0.469565
0.438754
1.757489
0.028421
0.972321
1.982520
1.132800
0.097985
0.572093
1.039177
0.047801
0.137465
1.324119
1.551417
0.203377
1.543744
1.271229
0.929733
1.232256
0.433490
1.919352
1.906198
0.277785
0.013595
0.274693
1.163595
1.874840
1.112107
1.481017
1.494166
1.423909
1.950582
0.449273
1.697750
0.495355
1.937946
1.680270
0.144508
0.035931
0.252363
1.183685
0.600084
0.906181
1.024157
0.151501
1.109558
1.084253
1.422730
0.555643
0.316510
0.372572
0.474995
0.739060
0.650357
0.488590
1.530105
1.813953
0.879782
0.642213
1.811322
0.373949
0.066122
1.761905
0.823222
1.763872
0.257260
1.960495
1.313451
0.212858
0.101806
0.429887
1.119039
1.642315
0.581388
0.744949
0.726568
0.520471
1.300592
1.559430
0.893043
1.775587
0.814843
0.059753
0.780530
0.344948
0.390058
0.176664
0.987161
0.201380
0.550613
1.569635
1.963285
1.890187
1.333508
0.736898
1.167707
1.294003
1.655018
0.997510
0.023213
0.273176
1.427397
1.658605
1.915491
0.525138
0.919906
1.158412
1.045609
0.736851
0.717842
0.455004
0.512438
1.532685
0.514757
1.809320
1.877634
0.904815
1.985985
0.864795
1.106196
1.052950
0.950783
1.585833
0.943138
0.284291
0.839083
0.627197
0.094646
1.010454
1.624708
0.634211
1.283630
1.052105
0.809168
1.715474
1.577243
1.729075
0.873886
1.139204
0.465926
1.591728
1.594209
1.494716
1.640766
0.625318
1.820389
1.518400
1.530134
1.806374
0.899547
1.152682
1.375676
1.850330
1.254867
0.318814
0.650973
0.093951
1.462364
1.261971
1.104405
1.087072
1.896183
0.904387
0.655529
0.705351
0.619861
0.749125
0.950778
1.493747
1.888329
1.416704
1.601828
1.998890
1.427773
1.242594
0.624209
1.248162
1.277346
0.670695
1.054536
0.176893
1.823377
0.430212
0.543576
1.078244
1.265379
1.194549
1.688547
1.244095
0.972873
0.792952
0.331167
1.385408
0.213692
1.503048
0.607111
0.833553
0.768525
1.557890
0.327301
0.656855
1.490946
0.445481
1.172097
0.918719
1.688075
0.312658
0.166881
0.965421
0.983353
1.737769
1.658666
0.806730
0.684334
0.718594
0.401327
0.466065
1.913144
0.606226
1.710160
1.402369
1.915531
0.041327
0.787777
0.129223
0.060727
1.911240
0.962776
0.829253
1.469130
1.806429
0.002460
1.476429
0.251910
1.174557
0.395148
0.456337
1.487216
1.078382
1.421758
0.986921
0.816151
1.596777
0.310004
1.500485
0.315371
0.711331
1.966550
0.744867
1.833909
1.676710
0.147236
1.749440
0.234389
1.451365
1.878663
0.811469
1.362606
0.841440
0.157074
1.348088
1.164221
0.159534
0.824517
1.416132
1.850443
1.219666
1.872469
1.854011
0.814400
1.810580
0.840933
1.630551
1.923709
1.150937
1.647389
0.239080
0.378620
0.130291
1.500300
0.212529
0.323354
0.163888
1.961970
1.074095
1.615254
0.356985
1.885564
1.494212
1.198425
0.042638
0.842300
0.362647
0.718524
0.183170
0.295131
0.568968
1.919188
0.167600
0.939331
0.733588
0.494532
1.780264
0.364139
0.418241
1.447553
0.527880
1.173674
0.342525
0.658172
0.673974
0.555055
1.497878
0.837862
1.033377
0.571973
0.969468
1.390362
0.973890
0.980032
1.105140
1.532880
1.822333
1.984139
0.251405
0.521855
0.795622
1.336725
0.441043
1.479574
0.276056
1.174631
1.974107
0.572673
0.055122
0.908700
0.536578
0.583003
0.082374
0.879104
1.757527
1.272700
1.950511
1.255405
0.110563
1.500240
1.827378
1.596383
1.406954
1.317620
0.576416
1.028446
0.850501
0.915101
1.528937
1.618258
1.436956
0.324559
0.954983
1.877999
1.804134
1.747391
1.052630
0.294593
0.836416
1.107752
1.203293
1.889347
0.207107
1.285668
0.768451
1.964634
0.558368
1.235314
1.220039
1.185283
1.251906
1.563770
0.781667
0.658860
0.881390
1.874435
1.687307
1.731891
0.789536
1.732596
1.350149
0.742844
0.057156
0.821484
0.620843
1.861290
1.085228
0.189825
0.672235
0.437996
1.813929
1.875528
0.327343
0.021037
1.677548
1.612146
0.502023
0.235917
1.363812
1.722063
1.937552
0.615718
1.285833
1.235571
1.790931
0.167223
1.110006
1.478238
0.415467
0.415894
1.727186
1.765616
1.158738
1.784342
1.103453
0.295933
0.161984
0.705033
1.002110
0.834219
1.143029
0.816040
0.709748
1.470373
1.353429
0.387296
1.598871
1.855452
1.139565
0.962684
0.093867
1.593470
1.578402
1.379700
0.829041
1.369333
0.063276
0.455400
0.478743
1.387646
1.091110
0.760711
1.062737
1.391804
0.380516
1.358670
1.553789
1.085549
0.360781
0.388008
0.228579
1.693173
1.614108
0.215304
1.562954
0.517757
1.814175
1.934758
0.173674
0.776859
0.028626
1.767144
0.871614
1.924678
1.112538
0.757299
1.987954
0.084290
0.121223
0.983049
1.471936
1.728685
1.743761
0.534673
1.120489
0.124277
0.409696
1.190630
1.209827
0.770477
1.578639
1.954758
0.980002
1.709099
0.170062
0.542956
0.226856
1.984237
0.994066
0.400531
1.277449
1.022692
0.684027
0.665415
0.947371
1.796565
1.422714
1.451677
0.397207
0.060289
0.434727
1.869144
0.305326
0.694840
0.920169
1.425816
1.335469
1.329865
1.132798
1.061648
0.100342
0.711437
1.016406
1.596696
0.936889
1.186468
0.656004
1.680097
1.687058
1.650071
0.596980
1.480859
1.189115
1.281008
0.146274
0.652838
1.593925
1.568988
0.104516
0.145630
1.055595
0.376629
0.450956
1.750435
1.296798
0.393124
1.602256
0.626664
1.525923
0.663905
1.243358
0.753712
0.196663
0.840055
1.690601
1.899484
0.012411
1.370699
1.586542
1.662482
1.967679
1.583753
0.851598
1.765039
1.730027
1.504436
1.358965
1.815367
0.125304
1.866450
1.960997
1.180899
0.759431
0.411954
1.447686
0.056229
0.805078
1.049943
0.682893
0.331001
0.230200
0.442604
1.084714
0.426863
1.282659
1.291667
0.326347
1.295070
0.662366
0.429241
1.473905
1.146398
0.012994
0.841855
1.427789
1.743021
0.346291
1.303106
0.074741
0.987948
1.169556
0.035738
0.168847
1.928987
0.964044
0.132886
0.501569
0.285475
1.699181
1.700814
0.616476
1.929381
0.143418
0.217542
0.872596
1.942429
1.509210
1.198944
1.753852
0.687928
0.144537
1.744109
0.350678
0.157532
0.585964
1.778468
0.416905
1.448607
1.081574
0.491646
0.436555
0.767483
1.043737
1.121755
1.212822
0.007781
1.254641
1.714391
0.293256
0.953822
1.931558
1.426085
1.399555
0.074976
0.159979
0.272151
0.533758
0.185541
1.987447
0.287610
1.389822
0.131985
0.031719
0.256852
0.289517
0.617683
0.035320
1.222774
0.582642
1.633247
0.230773
1.019198
0.917082
1.790862
0.140953
0.129904
0.314995
1.395594
0.360648
1.124604
0.865768
0.808558
0.550689
0.265323
0.883534
1.227020
0.537474
1.933644
1.412562
1.041274
0.221254
1.318736
1.173259
0.769325
1.575588
1.979128
1.903360
0.127261
1.201902
0.486003
1.760508
1.949027
1.505201
1.193942
1.739889
0.162506
1.840198
0.054885
0.074452
0.717198
1.695841
0.940220
1.525756
0.246530
1.721895
0.925643
1.989902
0.259369
0.859287
1.918816
1.300643
1.596894
1.237552
0.990254
0.366219
0.813141
0.969382
0.785932
0.940402
0.687637
1.271935
1.217262
1.153016
1.293488
0.411204
0.892906
1.972346
0.767754
1.464143
0.046798
1.484953
1.159984
0.987018
1.010709
1.922866
1.225265
0.452704
0.429120
1.484634
1.311992
0.347937
1.301630
0.908886
1.585489
0.808236
1.791457
0.398630
1.777619
1.093741
1.855384
0.981608
0.365676
1.588998
0.134624
0.175516
0.516554
1.543882
0.147862
1.284309
1.524377
0.711012
1.285614
1.200713
0.214382
0.812675
1.123579
1.439647
1.265380
1.552700
1.440634
0.577372
1.900637
1.258616
0.002610
0.002478
0.066852
0.310419
0.917461
0.360823
1.404161
0.772845
1.858783
0.286189
0.361844
1.993408
0.978058
1.394750
0.053642
1.642272
0.679059
1.578020
0.353285
1.964673
1.295085
0.567667
0.777349
0.935017
0.007315
0.042729
0.487717
1.964301
1.136453
0.904706
1.222917
1.655415
1.423536
1.289769
0.482186
0.340997
0.166945
0.402699
1.113843
0.025728
0.688889
1.992039
0.535488
0.183299
1.386789
0.589131
1.825571
0.582201
0.683503
0.178856
0.546874
1.978588
1.262876
1.840575
0.913605
1.786543
0.399656
1.917674
1.750844
1.536109
1.338732
0.973761
1.707876
0.762269
0.779882
0.190063
1.103266
0.946827
0.592762
0.733461
1.488908
1.798003
1.241852
0.024396
1.981302
1.144994
0.613527
1.806874
1.727195
1.813382
0.502082
0.790421
0.308323
1.764958
0.630997
1.738280
0.067853
1.030653
0.172307
1.818697
1.083115
1.511039
1.308810
0.790991
0.789660
0.088693
1.497406
0.409279
1.551872
0.606521
1.659092
1.040780
0.920876
0.900945
1.065177
0.045939
0.195056
1.225405
0.289486
0.524791
0.243839
1.079907
0.833114
0.525150
1.710904
1.087746
0.593003
1.257910
1.260053
0.411701
0.341025
1.287445
0.236863
1.648368
0.077105
0.841908
1.662127
1.002736
0.393781
0.268648
0.661829
1.950913
1.705876
0.079126
1.532442
0.608055
0.641417
0.243851
0.349812
0.930903
0.768642
0.593652
0.527162
0.118108
1.118802
0.238067
1.722206
1.711805
0.012329
0.982260
0.639858
0.353354
0.269705
1.393074
0.518074
0.863162
0.234982
0.180201
1.865899
0.628763
0.965201
1.044080
1.096029
0.671078
1.123206
0.628471
1.795485
0.280975
1.388674
0.145298
1.211878
0.157316
1.255302
1.739040
0.791776
0.890456
0.493459
0.513983
1.118613
0.505788
0.012595
0.274824
1.375494
0.282300
1.667898
1.893569
1.661814
1.902880
0.073770
0.044065
1.047996
1.038972
1.088145
0.144025
1.710050
0.727703
1.288848
1.505535
1.008678
0.677523
0.167185
0.736908
1.351191
1.422487
0.475949
0.659320
0.829295
1.485760
1.689655
1.947909
0.507901
1.702250
0.222733
1.883395
1.984550
1.890631
1.776964
0.162716
1.793511
0.367087
0.206782
0.841507
1.406059
1.294927
1.501884
1.632461
0.022631
1.307085
1.654348
1.547661
1.984608
1.821534
0.284570
1.852151
1.760373
1.276871
1.027823
0.589669
0.762631
0.717478
1.053930
1.786884
0.419728
1.276663
1.670280
0.920630
1.167294
1.963596
1.083347
1.477157
0.330683
1.806481
0.835017
0.253094
1.101408
0.336901
0.401907
1.640391
1.643986
0.056256
1.704405
0.144946
0.394142
1.988975
0.513450
0.154515
1.265846
1.541273
1.260536
0.544829
0.258752
0.314466
0.848066
1.194832
0.107481
0.518346
0.115463
1.791127
0.998294
1.715162
1.268285
1.328978
1.521643
0.103302
0.098424
1.139403
0.956555
0.500332
1.296147
1.116894
0.556588
1.778192
0.950730
1.505879
0.291642
1.621597
1.288077
0.349268
1.398486
1.832906
1.124372
1.712952
1.197324
0.319204
1.820434
1.715670
0.951019
1.611561
1.230317
0.666181
1.396198
0.559295
0.704176
0.015852
1.174071
1.843580
0.972408
1.674403
1.656079
0.605654
0.747343
0.656631
0.383846
0.214425
0.162510
1.191841
1.836023
1.450587
0.057461
1.234509
1.799845
1.181833
1.463813
0.997170
0.017389
1.800599
1.229192
1.484761
1.412161
0.459509
0.667294
1.324711
1.535156
1.371471
1.340564
0.709228
1.731403
0.829324
0.899983
1.387482
1.434978
1.647327
0.560465
0.335176
1.861752
0.722975
1.527017
0.214127
0.689914
0.100830
1.448636
1.006111
1.282663
1.428802
0.519633
1.816405
1.229401
0.265178
1.301166
1.157914
0.724687
1.968460
0.482626
0.776196
1.339931
1.823190
0.001776
1.587686
1.168866
0.901759
1.491520
0.603844
0.549086
0.051985
1.455372
0.927191
1.291312
1.498742
1.141318
1.981226
1.599572
1.106307
1.503690
0.882236
0.535109
0.023323
0.698641
0.280862
0.288501
0.516159
1.438777
1.529541
0.484619
0.437755
0.305737
0.340903
0.260945
0.307513
1.928589
1.946163
1.209272
1.420110
0.550007
0.274711
1.988447
0.521731
1.279760
0.020473
0.859572
1.777338
1.620046
1.965879
1.281028
0.502282
1.017340
1.820704
1.717275
1.298203
0.109205
0.749786
0.736980
0.155098
1.234405
1.174735
0.460835
0.091660
1.952032
1.284700
0.536602
1.898195
1.010325
1.956712
0.964554
1.285036
1.945159
1.486285
1.003290
1.741271
1.506759
1.862862
1.518610
1.126805
1.828742
0.799638
0.145439
0.846082
0.620342
0.379066
0.660637
1.245900
1.128852
1.397617
1.400998
0.879609
1.088704
0.378186
0.971270
1.557088
1.662886
1.507872
1.971635
1.189563
1.980936
0.936189
0.990951
0.442447
0.938827
1.994241
0.183719
0.961938
0.373456
0.218681
0.605095
0.718550
1.534671
1.266886
0.080984
0.671366
1.645952
0.741622
1.917266
1.291156
0.139239
1.834616
0.687117
1.744296
0.212802
0.174739
1.301384
0.392041
0.198963
1.273020
1.581604
0.179899
0.725561
0.572556
1.138699
1.664388
1.083149
1.838770
1.142678
1.456605
0.057451
1.747773
0.175155
1.592122
1.014659
0.256140
0.263488
1.176963
0.997762
0.697106
0.984471
1.653353
1.048075
0.187941
1.914001
1.777229
0.362680
1.731738
0.169270
0.561644
1.521110
0.267227
1.257895
0.246671
1.356135
0.396594
0.427412
0.955636
0.751716
1.570090
0.928594
0.809167
1.834216
1.103749
0.917642
0.848875
1.876241
1.697482
0.542191
1.390355
0.910941
0.043014
1.560061
1.959016
0.230955
1.990414
1.736245
0.593636
1.722152
0.421868
1.671632
1.243262
1.205447
0.929527
1.489934
1.077934
1.842474
0.433698
0.033570
0.594190
0.520140
0.962164
1.919710
0.354356
0.582266
0.837352
1.719584
0.974859
0.534834
0.261775
0.881567
1.445775
0.821141
0.441628
1.921143
1.052097
0.432042
1.657389
1.645733
0.670547
0.079257
1.833717
1.913809
1.801056
0.763244
1.920095
0.878990
1.122070
0.870145
0.912560
1.716261
1.390286
0.391077
1.635971
1.744642
0.973343
0.989675
1.980578
1.948202
1.524509
0.758705
1.346121
1.486637
1.579847
1.787749
1.407780
0.631944
0.736144
1.581521
0.794029
1.923043
0.627746
1.836852
1.461834
1.907342
0.273300
0.340824
1.029413
1.143445
1.769737
0.745674
0.533731
0.160814
0.897997
0.794726
1.650509
1.887672
0.775304
0.115063
1.928533
1.534010
1.461185
1.931522
1.630209
1.765286
1.339303
0.262153
0.501430
0.920824
1.056182
0.424473
1.097955
0.200280
0.777678
1.076141
0.107622
1.050978
1.933318
1.137035
0.710775
1.703055
0.399061
1.244507
0.380221
1.813410
0.555585
0.030730
1.701082
1.847241
0.145793
0.145968
1.897603
1.606978
0.077490
1.527812
1.372265
1.933145
1.789965
0.390047
0.853970
1.362499
1.330873
0.468277
0.079131
0.108551
1.544418
0.186754
1.675881
1.994088
1.840141
0.386656
0.213495
0.239203
0.147515
0.593716
0.052613
0.703100
0.624446
0.270048
0.550342
1.286592
0.932368
0.447945
0.893570
1.009858
1.975758
0.782187
0.943004
0.282075
1.172235
0.313326
0.160927
1.019460
0.781603
0.240058
1.128011
0.842373
0.426812
1.320244
0.836462
0.783306
1.706900
1.049957
1.022509
0.370768
0.160026
1.591474
1.073868
0.784472
0.377874
0.140562
0.587416
1.310242
0.588508
1.997339
0.836453
1.080618
0.779526
0.295809
1.879045
0.468113
0.609135
0.039972
1.487573
1.907090
0.796383
1.131936
0.749463
1.223195
0.968532
0.102277
0.522853
0.675433
1.152235
1.545362
1.046201
1.312261
1.653189
0.636421
0.613085
0.547415
0.776984
1.716854
0.374010
1.881844
1.714193
1.210463
0.962462
0.493719
0.022624
1.478185
0.631759
1.397832
1.482110
0.538849
0.194215
1.130399
1.804664
1.933762
0.098931
1.906942
0.456616
1.290716
1.575529
0.518330
0.853269
0.887790
0.687871
0.006043
0.017227
1.235287
0.783027
1.734081
0.125649
1.181223
1.448274
1.336112
0.660037
0.458346
1.358736
0.017896
0.452883
0.506847
1.932080
0.451345
1.562048
0.642647
1.581744
1.366712
0.576410
0.197028
1.790006
1.549378
1.487744
1.365535
0.584060
0.857366
0.769677
1.788284
0.863409
0.786905
1.539923
1.646436
1.037338
1.665572
0.827659
1.001965
1.001684
0.004048
1.976663
0.876772
0.021944
0.429546
1.899971
1.954025
0.880891
1.462019
0.596672
0.978988
1.345083
1.689434
1.176016
1.135090
1.755164
1.180112
0.500625
0.855577
0.037478
1.270303
0.643861
0.900887
0.573560
0.183784
1.063675
0.127250
1.849356
1.129215
1.367392
0.411734
1.105878
0.760516
0.433679
0.051776
0.660487
0.904056
1.449020
0.122506
1.500728
0.428008
1.983941
1.706515
0.120376
1.119031
1.461679
1.300488
0.136009
0.317256
1.337967
1.922664
1.477469
0.238854
1.012576
1.661253
1.818882
1.139826
0.026961
0.226568
0.785394
1.394353
0.638303
0.407624
0.154869
1.071982
0.459401
1.331708
0.492390
1.908421
1.970566
1.993118
0.852781
1.954508
0.215985
0.973157
1.589891
1.677665
0.273645
0.242252
0.511273
0.127964
0.681268
1.988743
0.883171
1.693844
0.166348
0.702053
1.350023
0.709662
0.928621
0.135417
0.104015
1.566924
0.543041
0.775237
1.155258
1.518794
0.623297
1.647648
1.943567
0.593864
0.157119
0.796348
1.064724
0.373104
0.285857
0.654615
0.567121
1.075855
1.413220
1.078395
1.203819
0.094488
1.583490
0.086990
1.788333
0.266190
0.789043
1.654708
0.975852
0.234017
1.790125
1.596220
1.800941
0.849518
0.887809
1.472552
0.884665
1.511106
1.636552
0.828232
0.621322
1.793671
0.140933
1.686046
0.683128
0.426790
1.250249
1.502645
0.270234
0.844996
1.222817
0.881074
0.944838
1.309807
0.669407
1.211029
0.615203
0.324115
0.703233
0.849220
0.630592
0.299453
1.166513
1.996463
1.187262
1.155417
0.881128
1.214721
0.791970
0.225712
1.836043
1.101993
0.882997
1.522090
1.785121
1.309788
0.895456
1.551723
1.328785
1.682042
0.913071
1.067954
0.563116
1.857910
1.232524
1.068939
1.509317
0.072991
1.772172
0.874889
1.219936
0.587978
0.557754
1.732751
1.775240
1.713172
0.613879
1.506313
1.021494
1.355943
1.342357
0.123487
0.238941
1.380799
0.424961
0.065081
0.276255
1.976684
1.910218
1.958297
0.889755
0.978173
0.521413
1.264017
1.872287
0.270289
0.332956
1.897956
0.859633
0.621481
1.289197
0.079569
1.725811
1.846951
0.328672
0.017403
0.076475
1.458903
1.523717
1.097969
0.814846
0.866074
1.221457
1.570139
0.246873
0.162770
1.635220
1.039480
0.139454
1.545439
0.997777
1.545561
1.039964
0.035542
0.809579
0.912251
0.305832
1.658887
1.326559
1.681817
0.796720
0.615756
0.277738
0.522531
0.979059
0.606410
0.539935
1.571887
0.065313
0.580004
0.669856
0.880159
1.446078
0.407665
0.450299
0.209303
0.570435
0.601871
1.248783
1.226241
0.147310
0.762912
1.288155
1.187274
0.798454
0.097734
0.615877
1.620638
0.272973
0.458788
1.302455
1.586046
1.590896
1.580193
0.108577
1.086308
0.186603
1.164864
0.658195
0.251916
1.744868
1.844403
1.648428
1.707298
0.768421
0.615079
1.916601
1.855208
1.216950
1.681736
1.597802
1.880613
0.444648
0.885957
1.584239
1.243103
1.500043
0.200117
1.380093
1.773016
1.175257
0.682549
1.875414
0.766154
0.779094
1.983992
1.852462
0.965698
1.665208
1.027009
1.733966
1.926429
0.871412
1.898746
1.633727
0.156185
0.513825
0.066681
0.011394
1.730776
1.748417
1.609196
1.611389
0.193066
0.495153
1.195628
1.952521
1.995196
1.912097
1.332614
0.284564
1.603707
0.531515
0.369861
1.310610
0.660323
0.738675
0.792660
0.841883
1.765684
0.526626
0.768312
1.153448
0.425373
0.918392
1.309634
1.455550
0.985073
1.837380
1.186326
0.733490
1.446576
1.314067
0.926556
0.458081
1.026048
1.395429
0.969629
1.454497
0.728044
1.254193
1.058204
1.259559
1.930524
1.944417
0.570169
1.107199
0.683092
1.362829
1.949083
0.965128
0.405808
1.233747
0.634929
1.347533
0.152139
0.460915
0.803083
1.137212
0.298295
0.505762
0.387055
1.744871
0.336181
1.313611
0.202952
1.878581
0.709041
1.172581
1.333079
1.953437
0.943126
0.907635
1.212996
1.390003
0.852053
0.299518
0.497202
0.051497
0.178699
0.962637
1.532978
1.100859
0.712737
0.684259
0.448392
0.864876
1.145174
1.767828
0.518441
1.443469
0.789942
0.905496
1.704692
1.126123
0.735459
1.907644
1.004705
1.960852
1.596577
0.854136
1.914289
1.056055
1.761771
1.643638
0.446058
1.130176
0.459508
1.459613
1.181674
0.638207
0.938602
1.231004
1.739067
1.651339
1.915263
0.703811
1.032568
1.060437
0.987991
1.551009
1.020258
1.777933
0.456505
0.724950
1.420409
1.708316
1.148946
0.425114
1.669169
1.261875
1.795602
1.583458
0.317930
1.743448
1.280341
0.687550
0.202956
0.739954
0.385576
1.357516
0.194908
1.616580
1.096583
0.362600
1.531843
0.316746
1.395168
1.108632
1.304738
1.462529
0.128890
1.082671
1.919034
1.370192
0.503080
0.143702
0.519138
1.444546
1.812871
1.781013
1.240148
1.396330
0.615295
1.313874
1.656130
1.895636
0.517776
1.859087
1.151942
1.419704
1.216603
1.346851
1.036284
0.829538
1.709451
1.084479
1.146284
1.620971
0.709463
0.967374
1.083500
1.354705
0.050046
1.518886
0.724897
1.069478
1.662588
1.244035
1.030377
1.475460
1.541400
0.786877
1.388142
0.673047
0.100751
1.044272
0.568684
1.134879
1.419711
0.236978
0.554583
0.636314
1.583829
0.107219
1.982204
1.809632
1.191698
1.128489
1.430603
0.417513
0.095863
1.030455
1.772218
0.662261
0.549341
0.497115
0.248092
0.211930
0.257502
1.278469
0.203742
0.315254
0.065346
0.108236
0.988302
0.682450
1.152508
0.073338
1.817329
1.088572
0.310316
0.371913
1.724886
0.410498
0.479132
1.707091
0.736482
0.187183
1.351932
0.683438
0.604696
1.964147
1.713893
0.893267
1.142761
0.779587
1.906734
1.390853
1.507869
0.164237
1.185674
1.711611
0.995843
1.251020
1.819847
0.500497
1.933470
1.488707
0.573835
1.750800
0.577279
1.400504
0.639065
0.818518
1.811002
1.118197
1.041961
1.063836
1.821732
0.910245
1.747274
0.942781
0.874392
1.461168
1.836048
0.533505
0.757107
1.742782
1.924358
0.264976
0.423371
1.626384
0.492939
1.935567
0.877405
0.312786
0.436064
1.327227
0.317845
1.009900
1.594379
1.411477
0.926756
0.233444
0.746347
1.254110
1.867994
0.304660
0.317946
0.206078
1.214905
0.065221
1.148859
0.605649
0.042741
1.501259
1.139155
0.799848
1.760394
1.579865
1.581176
0.700117
1.206250
0.074115
0.635684
0.600007
0.903253
1.071749
1.927234
1.737450
0.598001
0.037966
1.148927
1.524757
0.271410
0.411626
0.778867
0.655756
0.716286
1.613165
1.378187
1.931191
1.678386
1.043398
0.536841
0.237479
0.544658
0.192348
1.553679
0.821404
1.772213
1.134855
1.521521
1.494815
1.725322
0.157206
0.094822
0.628575
1.228955
0.022057
0.366026
1.826956
0.060023
0.031305
1.868065
0.847785
0.442932
1.163284
0.019894
1.159218
0.776449
1.606762
0.454836
0.441479
0.143603
1.208667
1.502489
0.852303
0.762347
0.323893
0.624516
0.413554
1.845415
0.138877
0.518973
0.730506
1.283804
1.747928
1.268915
1.649830
0.091236
1.845290
1.681136
0.475653
1.209428
0.640420
1.638937
1.229322
1.799638
0.415386
1.143755
1.406400
1.386574
0.101586
0.066355
0.595242
1.604076
0.918658
1.873941
0.444321
0.059527
0.803847
0.806088
0.695211
1.459076
1.325061
1.942069
0.742881
1.589341
1.210985
0.392711
0.196929
1.056275
0.590199
0.672582
0.782055
1.230619
0.827871
0.011377
1.546610
1.243258
1.671484
1.469362
0.629832
0.289423
1.535718
1.741426
0.409851
0.970728
0.131719
0.854172
1.546607
0.935567
0.176613
0.758170
0.394643
1.501674
0.700240
1.653876
1.607368
1.911225
0.046588
1.804297
1.483852
1.153139
0.993232
0.265908
0.383759
1.821103
0.793637
1.930369
1.580713
0.981474
1.916083
0.726898
1.270897
1.451801
0.468324
1.680748
0.938882
1.116396
1.051272
0.485489
0.568315
1.227885
1.760012
1.479310
0.729560
0.460252
1.133187
0.853280
0.887829
1.179775
0.657577
0.888033
0.849266
0.167161
1.670293
1.233025
1.988265
0.980283
1.679746
1.568978
1.961757
1.595830
0.812228
1.749006
1.563983
1.280553
1.429754
1.019217
0.913301
0.481026
0.021059
1.481616
0.225264
1.781071
0.960926
1.471176
0.241323
0.094113
0.324456
1.645504
1.790240
0.982033
0.533537
0.639507
1.149195
0.203831
0.388884
1.653812
1.184114
0.584983
1.739142
1.662223
0.180813
0.551371
1.411229
0.261148
0.348276
1.357335
1.280366
1.261577
0.354713
1.301425
1.259545
0.579977
1.082496
0.220471
0.051153
1.840171
0.830937
0.375609
1.485675
1.137529
1.873995
0.019212
1.777036
1.539542
0.739395
0.682273
1.709706
0.439861
1.267256
1.448848
0.102084
1.964421
0.516571
0.029665
0.225569
1.381199
1.903352
0.022287
0.642776
0.258066
1.323712
0.418673
1.354395
0.922560
0.639145
1.921901
0.762731
1.986434
0.297510
0.248406
1.123963
0.687857
0.783971
1.417352
0.227399
1.523366
0.615977
0.453457
1.963228
1.883233
0.418658
0.581664
1.847654
0.935229
1.127682
0.589575
0.316429
1.031034
0.611863
1.475557
1.805452
0.451927
1.894231
1.159848
1.374488
1.049728
1.081749
0.137219
1.552514
1.895611
0.901978
1.192829
0.583469
1.685949
1.126533
1.327220
1.725667
1.742510
0.297030
0.205247
1.625743
0.715688
1.303264
1.989749
0.167269
0.430946
1.095677
0.483698
1.461980
1.707540
0.475608
1.783785
0.159467
0.886191
0.943633
0.050307
0.452271
0.541734
0.187527
0.004785
0.437345
1.605857
1.713966
1.537166
1.291806
0.840500
0.864387
1.533825
0.583010
1.161417
1.739073
0.725106
0.393457
1.042337
1.231207
0.560726
1.989635
0.326884
1.560777
1.967967
0.550776
0.036385
1.751752
1.226596
1.438928
0.695385
1.276903
1.891199
1.237119
1.980782
0.412336
0.190817
1.586639
0.126302
1.727983
1.394797
0.966802
1.108722
0.928623
0.066165
0.786491
1.184048
0.791271
1.179948
0.226385
0.022478
1.740675
0.216020
0.349363
1.817804
0.183987
0.900139
1.854189
1.935740
0.126735
1.809469
1.147477
1.919991
0.217020
0.900949
1.900773
0.629356
1.091766
1.487413
1.272010
1.336101
1.398562
0.755165
0.444824
0.327185
0.821330
1.231315
1.511233
1.612601
0.927616
0.253970
1.635079
1.184643
0.469990
0.500794
1.002447
1.170330
1.917286
0.856636
1.622422
0.560373
1.182457
1.286251
0.480364
1.399477
0.187200
0.897490
0.545185
1.795318
0.384903
1.817195
1.131420
1.783465
0.572360
0.627003
1.393690
1.323911
0.654588
1.006291
0.251527
0.908559
1.157723
1.436170
1.894901
0.174869
0.438617
1.065231
0.608507
1.811605
1.204005
1.168881
0.994062
0.490257
0.165597
0.909891
1.193809
1.063087
1.455076
0.989128
1.964342
1.272272
0.120548
0.264160
0.360984
0.213144
0.891163
1.754675
0.053407
1.545751
1.277318
0.304935
0.970662
0.951393
0.257457
0.865564
1.126263
1.212427
0.447147
1.734770
1.540384
1.651153
1.420003
0.534447
0.657762
1.585601
1.960690
1.851571
1.165040
1.415767
1.357051
1.129383
1.204391
1.993951
1.909895
1.565375
0.723447
0.801058
1.320050
0.776855
0.863161
1.113721
1.598142
1.833824
0.065114
1.855599
1.215740
1.707729
1.584378
1.662887
1.958852
1.124763
1.830392
1.378855
0.175562
1.004506
1.480808
0.136252
1.372430
1.162201
1.552019
0.729481
0.291584
1.272762
1.239785
0.201479
0.838138
1.963232
1.518889
0.674540
1.256439
0.898402
1.788261
0.854581
1.248578
1.853376
1.226533
0.464318
0.077457
0.810911
0.643558
0.036309
1.935674
0.990302
1.931517
0.111236
1.994809
1.412325
0.763841
1.367239
0.574526
0.832212
0.613072
1.382462
0.104975
0.369209
0.100293
1.459465
0.332442
0.135534
0.134005
1.588881
1.033937
1.922267
0.959815
0.798867
0.291995
0.186348
1.263186
0.885804
0.997259
0.423096
0.922114
1.449286
1.413398
0.853631
0.076874
1.408207
0.782308
0.840715
1.291798
1.356835
0.189280
0.421223
1.255649
0.294255
0.790432
1.872295
1.753720
1.639226
0.007829
0.404077
1.744460
1.558118
0.326344
0.704275
0.873338
1.134691
1.406975
0.136524
0.020496
0.404234
1.075972
1.458962
0.369872
0.489370
0.312593
0.446747
1.897578
1.094901
1.803814
1.705728
0.968088
0.509446
0.126951
0.740090
0.803701
1.433736
0.612385
1.073773
1.072962
1.136566
1.477851
0.817422
1.211037
0.320547
0.038049
0.084375
1.971591
1.445024
0.737251
0.508439
0.365611
1.813223
1.967401
1.251835
0.818945
0.796346
1.698582
1.232875
0.407599
0.018749
0.938604
1.375688
0.528195
1.581907
0.632130
1.848249
1.015643
1.244515
1.438374
0.088606
0.897433
1.432577
1.422380
0.624822
0.269477
1.976782
1.225549
0.757420
1.938158
1.962800
1.265859
0.303769
0.292375
1.749612
1.555605
1.111321
0.545958
1.770539
0.860548
0.953557
0.305640
1.799152
0.845597
1.350188
1.897412
1.477727
1.198437
0.913055
1.238594
1.153163
1.518013
0.652380
0.585741
1.456746
1.277202
0.855218
1.433528
0.502752
1.612638
1.371686
0.981904
1.394849
0.191808
1.790632
1.144461
0.263765
1.418305
0.206771
0.550656
0.278853
1.676680
0.856297
0.594358
0.522278
0.206485
0.491770
0.516357
1.921274
1.404825
0.271304
1.074437
1.439191
0.923684
0.176530
0.895937
0.200886
1.031748
0.329465
1.219990
1.160738
0.217503
0.201895
1.071939
0.925663
0.508879
0.732752
1.189428
1.927184
1.455875
0.256437
0.206037
1.132556
1.112734
0.800395
0.171186
1.835571
1.808517
0.687543
0.273197
1.213343
0.958847
1.347634
0.652534
0.398883
1.524165
0.064823
1.116122
1.072265
0.394288
0.336112
0.749356
1.128143
1.054359
1.821295
0.570159
1.563238
1.070400
0.275939
0.006774
0.526275
0.532376
0.212812
1.658831
0.161462
1.529559
0.346369
1.997033
1.338077
1.033913
0.270230
1.067772
0.509112
0.134217
0.236658
1.424348
1.658382
0.301481
0.540470
1.246999
1.212121
1.392934
1.996355
0.340264
0.447294
0.334003
0.910423
0.526884
1.404403
1.186363
0.533659
0.447030
0.235091
1.262823
0.622214
0.396554
1.308734
0.968583
0.393587
0.646811
0.518848
1.180170
0.230935
1.544313
1.314387
0.467593
0.968661
1.489121
0.769074
1.509131
0.736120
1.981195
0.902065
1.248828
0.837812
1.865711
0.099183
0.264587
0.908948
1.503586
1.967302
1.958959
0.466968
0.202394
1.738134
1.089182
0.598948
1.046868
0.057766
1.508887
0.210032
1.092966
0.689057
0.440967
0.637279
0.519796
0.908561
1.605940
0.008917
0.193987
1.631423
1.261390
0.691535
1.049841
0.510218
1.529347
0.915552
0.609401
0.310286
0.340852
0.629339
0.277589
0.299811
1.096307
0.479983
0.554297
0.701842
1.078931
1.601166
1.275960
0.587818
1.811198
0.368926
1.793228
0.768517
1.006206
0.313024
0.193430
1.128498
0.321942
0.387418
0.759922
0.099684
1.078953
1.809763
0.609902
1.124652
1.241667
1.735655
1.434938
0.098872
0.881346
0.228879
0.915035
0.494005
0.708862
1.469333
1.195847
0.304145
1.070499
0.471807
1.408316
1.398049
1.357086
1.201544
0.166566
0.363292
1.514568
0.359997
0.008142
0.352862
1.263767
1.284416
0.452546
0.859072
1.094179
1.578800
1.983724
0.852199
1.314455
1.935014
0.951071
0.195801
0.163894
1.866106
0.689807
0.872756
1.335439
0.402006
1.693254
0.922290
1.390166
1.101570
0.320339
0.747252
0.303114
1.003258
1.626896
0.334034
1.363255
1.635038
0.686897
1.143374
0.919455
1.139443
0.002446
0.529986
1.234596
1.986170
1.382185
0.549051
0.437536
0.849608
1.261205
0.601430
1.232067
0.467364
1.990539
0.567506
0.869370
0.200145
0.006149
0.775888
1.301715
0.326488
1.523140
1.604829
1.846098
1.150036
1.938863
1.725705
1.301427
1.142112
0.869079
0.220882
0.797908
0.871525
1.267220
0.032504
1.374047
1.165758
1.097907
1.811584
0.015366
0.875464
0.929366
1.247433
1.342828
1.436257
0.331292
0.728551
1.636402
0.337441
1.504439
0.938117
1.180281
1.027580
1.059298
1.026380
0.693968
1.514514
0.752085
1.995395
1.172978
1.621165
0.732629
1.970886
1.009042
1.999850
0.003390
0.383090
1.165608
1.617650
0.711026
1.697326
0.493114
0.156744
0.944760
1.835943
0.109354
1.792404
1.080846
1.745756
0.129845
1.101637
1.200226
1.826478
0.645569
0.775876
0.852858
1.339538
0.290390
0.121296
1.851285
1.463369
0.258813
0.583915
1.950607
1.784207
1.100117
0.470350
0.167297
0.265725
0.088000
1.394675
0.479403
0.581114
0.067772
1.940515
0.933409
0.177126
1.732919
0.530607
1.922882
0.379116
1.632245
1.639460
0.205595
0.277814
0.415337
1.574805
1.617352
1.222079
1.696101
1.468638
1.201800
0.471266
0.568905
1.152408
0.255474
1.669022
0.139110
0.939123
0.451099
0.227110
0.850151
0.930502
1.324576
0.917923
0.871018
0.774338
1.095049
0.603937
1.304945
1.534283
0.983054
1.453542
1.690096
1.705001
1.731357
0.105433
1.279806
1.865061
1.843864
1.492260
1.850051
1.045665
1.963526
0.418956
0.714425
0.735352
0.604330
0.853535
1.674476
1.055429
1.080645
1.040979
1.985932
0.921573
1.958902
1.373302
1.695911
1.570303
1.977239
1.517209
1.620938
1.476645
0.970751
1.311034
1.181646
0.702108
1.932819
0.977805
1.083522
1.776684
0.986417
0.933573
0.822349
1.466295
1.868882
0.053126
0.201648
0.989564
0.906661
0.392476
0.044994
0.503658
1.433455
0.547278
1.425231
1.908709
1.920580
1.637495
1.479012
0.414171
1.154704
1.616302
1.890817
0.125455
0.927337
1.588815
1.343916
0.860156
1.082972
0.943790
0.636840
0.069389
0.393715
1.975541
1.535685
0.778949
0.545019
0.253685
1.768514
1.451680
1.162513
0.329860
0.471690
0.595968
0.877138
0.413274
1.021029
1.314070
0.050769
0.500041
1.728241
1.721825
0.116343
0.135410
0.363632
1.560032
0.240578
1.707548
0.420189
1.839902
1.167690
1.573381
1.909292
1.561406
0.065275
1.961329
0.340355
0.610294
0.731366
0.625221
0.578327
1.893879
0.955081
1.566369
1.006199
0.348571
1.979643
0.027228
1.662641
0.030412
1.043621
1.907235
1.752237
1.676316
0.558997
0.115870
1.236349
0.799575
0.339770
0.172890
0.639478
0.023813
0.262623
1.065122
1.585219
0.844250
1.542803
0.441926
1.970897
0.274169
1.583500
1.065576
0.684400
0.538581
0.631945
1.690599
1.403505
0.611589
1.717827
1.066146
0.642001
1.277800
1.489733
0.910591
0.954116
0.048731
1.542813
0.706817
1.364658
0.398935
1.396059
0.004136
0.422748
1.658683
1.585610
0.524319
1.019285
1.128413
1.482598
0.990182
1.918934
1.066098
0.055758
0.603334
0.121031
0.687704
0.293933
1.524536
1.299293
0.528112
1.107035
0.457646
1.805912
0.596768
1.884589
1.276381
0.645499
1.943754
1.983198
0.010158
0.342690
1.379258
0.530646
1.281790
1.554293
0.116257
1.806110
0.573578
1.761022
1.288708
0.080113
1.679957
0.871158
0.135871
0.283291
0.992189
1.339927
1.093577
0.516726
1.155572
1.621689
1.623761
1.613219
1.943954
0.220529
0.014160
1.220335
1.382381
1.957915
1.719885
1.908891
0.816957
1.615495
0.439537
0.098747
1.169788
1.072146
0.421209
0.259719
0.833169
0.226269
0.856184
0.513126
1.097427
0.992055
1.312769
0.089617
0.848335
0.406346
0.606343
0.003907
0.544388
0.230104
0.133478
0.488342
0.966985
0.147639
0.225029
0.865718
0.621906
1.944914
0.774609
1.438863
1.560410
1.214147
0.053962
1.246550
0.802645
0.475172
0.022621
1.635814
0.701441
0.878805
0.665292
1.798869
1.870861
0.494414
0.404838
0.719196
0.900760
1.011181
1.239455
1.961500
1.757637
1.372934
0.449842
1.240974
1.520573
0.674871
0.106693
0.658831
0.619786
0.881302
0.097694
0.696548
0.611801
0.668008
1.943098
1.414447
1.143180
1.965720
1.566613
0.360974
1.360877
0.231906
0.676195
1.231738
0.726320
1.081033
0.467286
0.143432
0.092214
1.706742
0.104933
0.366203
1.596028
1.071127
1.607177
1.632953
0.262351
0.230222
0.291784
1.398489
1.111525
0.905830
0.095037
0.239678
1.573838
0.554487
0.170477
1.233371
1.036559
1.737091
1.594345
0.397437
0.485349
0.270540
0.145527
1.728021
1.351573
1.129166
1.871453
1.960139
0.835908
0.492738
0.326342
0.948288
0.080218
0.449871
0.581241
0.342569
0.680094
0.873025
1.741058
0.307971
1.778855
0.352447
0.547649
1.352693
0.906934
0.718127
0.586064
0.459846
0.971570
0.696761
0.857283
1.456919
0.967301
1.002810
1.184940
0.318874
0.131976
1.572745
0.795365
1.484236
0.065484
1.121707
0.432524
0.662054
0.087931
1.013765
1.004623
0.768025
0.403142
1.262033
1.592348
0.181997
1.614480
0.656349
0.051043
1.037766
1.890828
1.153459
1.497612
0.862398
1.850221
0.871247
0.319317
1.333874
1.874058
0.020609
0.169101
0.522386
1.593355
0.964466
0.522975
0.175191
0.086174
0.955499
0.837245
0.690457
0.485617
0.358220
1.458482
0.888759
1.620253
1.567182
1.587109
1.751085
0.223531
0.154504
1.305203
0.114360
1.307963
1.319168
1.493110
1.674536
0.190415
0.328780
1.008411
0.580825
0.349389
1.177512
1.103212
0.459096
0.141978
1.626187
0.634287
0.744504
1.098038
1.987884
1.434961
0.100007
0.346104
1.409795
1.505119
0.482709
1.493329
1.092228
0.750146
1.716861
1.246732
0.055350
0.347573
1.071047
1.374518
0.357035
0.745584
0.081285
0.685815
0.270347
0.662111
1.035205
1.964211
1.765323
0.010653
0.106189
1.907862
0.644941
1.367046
1.522252
1.149177
1.318359
0.138612
0.011634
1.643731
0.494343
0.737836
1.252311
1.760842
0.971049
1.015395
0.332544
1.834974
0.086442
1.707062
0.192010
1.348378
1.788347
0.877825
0.135077
0.966810
0.429382
0.099288
1.248485
0.440036
0.721830
1.156347
1.601329
0.088876
1.194952
0.750506
1.923587
1.333564
0.762140
1.168094
1.493647
1.772836
0.422283
0.745958
0.050030
1.393332
1.761353
0.382574
1.744659
0.364147
0.605988
1.936669
0.228878
0.910687
1.330846
0.363955
1.877498
1.760229
0.979596
1.125983
0.716617
1.701426
0.798683
0.834298
0.306654
1.993635
1.584804
0.746593
1.843551
0.863297
1.914688
1.337198
1.152485
0.853323
0.599508
1.202515
0.246655
0.360861
1.585089
1.991314
1.241360
0.191077
0.444335
1.986590
1.618116
1.775182
0.866898
1.495614
0.051763
1.846494
0.621598
1.284732
0.064272
1.420281
0.119030
0.887278
1.930268
0.220186
1.633871
0.290171
1.599835
1.548559
0.143721
0.752320
0.918234
0.743229
1.954835
1.164890
1.620442
0.056276
1.672556
0.861802
0.763705
0.633244
1.364745
0.381822
0.924778
0.231643
1.877436
0.976541
0.078137
1.015386
0.777625
0.142409
0.952019
0.896655
1.029687
0.882287
1.633193
1.179910
1.688810
1.233029
1.244822
1.832531
1.985349
0.163056
0.575760
0.456537
1.844298
0.196202
1.029165
1.516855
1.574357
0.309223
0.666451
0.939102
0.691045
1.591229
1.170745
1.084833
1.084122
1.765234
0.616572
1.861747
0.423995
1.568591
1.274754
1.970034
0.967231
0.907947
1.149944
0.656041
0.140976
0.394766
0.488573
0.642678
0.557823
1.064333
1.615567
0.402121
1.776888
0.644732
0.435328
1.867597
0.953955
1.101779
0.806699
0.161352
0.693008
0.493796
1.762538
1.777130
0.259030
0.379110
0.155229
1.199377
1.947701
1.429983
1.169411
0.914932
0.337931
0.319355
1.570974
0.995259
0.714122
0.575899
1.637937
1.271945
0.156584
1.253504
0.190418
1.933472
0.414589
0.625747
0.317421
1.884896
1.727526
1.124120
0.562601
0.936887
0.134268
0.325139
1.230369
0.909650
0.704249
1.385599
0.109027
1.168302
0.815582
1.278438
0.083235
1.669865
0.114146
0.170561
0.665125
1.344620
0.746460
0.819414
0.616565
1.419396
0.072919
1.323335
1.352869
1.003860
1.949082
1.670290
0.888756
0.192961
1.310763
1.451357
1.646200
1.961383
0.292848
1.392921
0.871034
0.997097
0.778520
1.496413
0.165400
0.110455
1.291204
0.764987
1.780320
1.405350
1.451900
0.961797
0.749970
0.714712
1.781212
1.882887
0.134108
0.370483
1.206222
0.003329
1.374343
1.671657
0.189972
0.779451
0.380970
1.500735
0.747161
0.027170
1.978470
1.040009
1.420091
0.849504
0.553459
0.714964
0.862270
1.235211
1.341771
0.153474
0.000198
1.638443
0.075176
1.968450
0.600241
0.825146
0.683162
0.381453
1.224385
0.817270
1.268288
0.946959
0.820600
0.642631
0.618616
1.010572
1.938434
0.999586
1.027659
1.201947
1.543108
1.006129
0.241957
1.479552
0.371986
1.311768
0.194516
1.750608
1.536287
1.904082
1.063529
1.691082
1.979258
1.031979
0.291323
1.320756
1.715141
1.189128
1.061493
1.048763
0.457416
0.008452
0.385715
1.616399
1.143421
1.912639
1.554834
0.143007
0.940298
0.756781
0.202468
0.462780
1.515090
1.682020
1.351118
1.343210
0.392888
1.101726
1.890189
0.445527
1.522160
1.470070
0.136609
0.017770
0.502049
0.944285
1.854878
0.733542
0.133413
0.916371
1.782306
0.590830
0.924823
0.684373
0.723581
0.068244
0.597013
0.278415
0.727604
0.053663
1.551549
1.446424
1.032795
1.582991
1.128444
0.383913
0.926202
0.037684
0.001991
1.332743
0.483211
1.524151
0.802814
1.136172
0.058273
1.304863
0.080457
1.913151
0.554758
0.213871
0.829522
0.853416
1.321053
0.270698
1.537789
0.044634
0.855294
0.651154
0.839402
1.582898
0.704818
0.907303
1.545674
1.737613
0.490294
0.674118
0.637879
1.932848
1.228154
0.639870
1.265592
1.711365
0.680374
0.068406
0.738647
1.889621
0.927995
1.168151
0.960731
1.658218
0.514025
1.814147
0.979271
0.784723
1.868289
1.023906
1.640018
0.519443
0.379660
1.739268
1.740613
1.286963
1.284943
1.994579
0.293609
0.475413
0.632458
0.742810
1.703568
1.788680
0.008402
1.931285
0.985406
0.593160
0.778823
0.240406
0.999133
0.223171
1.408557
1.959865
1.881389
1.922582
0.290364
0.860661
1.223658
0.158653
0.400919
1.380028
1.194449
1.296931
1.119296
0.935062
1.100246
0.920591
0.929641
1.910207
1.912357
0.078451
0.653017
0.132277
0.383484
1.177771
0.063562
1.368890
1.770931
1.358738
1.609296
1.286417
1.581909
1.534205
1.762634
1.463298
1.973140
0.052998
0.840311
1.196798
0.728004
1.757582
0.576826
1.922453
1.054513
0.212474
1.373867
0.671111
1.649418
0.819861
0.581319
1.561775
0.898312
1.234336
0.210404
1.798148
0.928460
0.273966
1.167039
1.215743
1.632704
1.292687
0.502160
1.214613
1.343245
0.264794
1.194264
1.316385
0.834145
0.550927
1.029535
0.078501
0.824862
0.122713
0.517306
0.395727
0.851539
1.891173
1.066839
0.500957
1.227386
1.648158
0.579084
0.125699
1.398846
0.789488
0.440199
0.327306
1.579807
1.607238
1.543050
1.212511
1.416278
0.561562
0.943477
0.759523
1.342709
0.654093
0.176854
1.721372
1.621795
0.255355
0.546234
0.260860
0.772661
0.941962
1.112399
1.180186
0.525153
0.129709
0.407573
0.173311
1.225145
1.049624
0.088509
0.530986
1.489823
0.932168
0.110793
1.097062
0.475218
1.839656
1.029692
1.036780
1.299485
1.789215
0.379489
0.469930
0.897827
1.072695
0.191303
1.035974
1.844402
1.253889
1.296834
1.133415
0.712203
0.925585
0.313602
1.237356
1.055294
0.721175
1.927019
0.796792
0.287151
0.015529
1.844130
1.776974
0.947697
0.471275
1.390388
1.939267
0.310931
0.420080
1.492399
0.126769
0.725647
0.388241
0.596699
1.623474
1.460936
1.304354
0.659448
1.821691
1.074596
0.472634
0.955106
1.786799
1.398220
1.268708
1.540508
0.969866
0.506235
1.467527
1.766658
0.793386
1.999408
0.127140
1.086713
1.463457
0.598415
0.477101
1.402724
1.425699
1.413534
1.411476
1.552468
0.655533
1.799717
0.665519
0.795360
1.777005
0.486226
1.971160
1.598696
1.560822
0.443795
0.553803
1.863973
0.358367
0.338863
1.404481
1.328233
1.361451
0.872009
1.611244
0.671189
0.871417
1.738384
1.757902
0.851227
0.336800
0.751356
0.253951
1.762499
0.164890
1.665427
1.831319
1.336775
1.981496
1.013190
0.132135
1.758502
1.499416
0.103296
1.873550
1.576590
0.547091
0.943705
1.440564
1.421810
1.798921
0.845045
0.750043
1.160372
0.233406
0.877639
1.831561
1.104824
1.132376
0.105816
1.956051
1.469176
0.857172
0.726354
1.748027
1.538414
0.908134
0.095698
0.875189
1.405982
1.108888
1.007325
1.680836
1.124657
1.110621
1.554387
0.701247
0.174064
1.014444
0.141811
1.595874
0.813365
0.986857
0.862269
1.220263
1.739909
0.321651
0.841439
0.872285
0.427467
1.313842
0.857813
1.284639
0.556549
1.122192
1.339405
1.981035
1.734242
0.214594
1.387017
0.843130
1.738271
1.067854
1.967787
0.848892
1.138593
0.669035
1.539308
0.153037
1.327198
1.651534
1.482755
0.314055
1.030156
1.972844
0.050671
0.770065
0.294495
1.408462
0.158702
1.238314
1.238657
1.532867
1.039305
0.311558
1.171411
0.378710
0.292593
0.905653
0.593305
0.195962
1.748783
0.331576
1.780168
0.232923
1.696821
0.918761
1.418310
1.752481
1.588151
0.745508
1.404016
1.070906
1.575916
0.950524
1.043750
0.142939
1.720589
1.854598
1.551401
0.395643
1.092912
1.306410
0.444862
0.132218
1.617968
1.616273
0.510928
0.426913
0.521926
1.620585
0.622876
0.787061
0.468514
0.403044
1.019984
0.165335
1.321806
0.954646
0.434168
1.426309
1.700155
0.354536
0.497215
1.276071
1.305060
0.057317
1.419010
1.542001
1.911915
1.486763
1.937644
1.004828
0.793174
0.898858
1.137046
0.927494
0.515131
0.164326
1.354408
1.037057
1.784912
1.977284
0.340471
0.253426
0.380328
1.876807
0.935113
0.218486
0.831454
1.885633
1.644795
0.531609
0.240170
0.658362
0.324032
1.545230
0.715680
0.259394
1.603584
1.143947
1.746157
0.057580
0.148775
1.055683
0.956439
1.802173
1.983178
1.471570
1.966500
1.337586
1.024980
0.267764
1.831222
1.365451
1.037542
0.727902
1.758610
0.489007
1.462741
0.590064
0.374640
1.623888
1.638025
0.614810
0.282251
1.962057
0.676393
1.514283
0.737803
0.796329
0.658230
0.483961
0.853909
1.323358
1.539644
1.810348
1.125531
0.039174
1.798271
1.092031
1.893112
0.823251
1.876147
0.240686
0.705054
0.913689
0.968589
0.463664
1.402696
0.431330
1.570081
1.777337
0.055218
1.724458
0.908499
0.853821
0.202868
0.101244
0.884456
0.940671
0.897573
0.059039
1.424632
1.751483
1.382397
1.480629
0.078183
0.507928
0.036155
1.876454
0.116312
1.929268
1.216057
1.992459
0.686306
1.921111
0.906149
1.654895
0.901128
0.825197
0.602577
0.987561
0.602534
1.174148
0.712019
0.027386
0.027969
0.914887
0.128630
1.428778
1.855559
1.542556
1.487817
1.796543
1.810391
0.870214
1.793524
1.888574
1.894494
1.829680
1.765029
0.010806
0.275300
0.981086
0.519618
0.961606
1.418550
1.425767
1.132854
0.836030
0.767316
1.735431
1.823591
1.886203
0.909579
0.535610
1.913589
1.453901
1.450498
0.558571
0.882679
1.822409
0.101127
0.886848
1.618952
1.911518
