1.114124
1.565102
1.882675
1.776945
0.574679
1.819568
0.114734
0.178132
1.026724
1.976893
1.997381
1.958395
1.914618
1.660925
0.873689
0.917652
0.973549
0.405037
1.842856
1.119974
0.395843
1.455807
1.862350
1.779297
1.514544
0.125526
0.284693
0.666903
0.906344
0.388664
0.598379
0.020469
0.470119
0.481054
0.313766
1.561150
0.300622
0.428500
1.739282
1.843698
0.921746
1.736663
0.318445
1.352716
1.397588
1.192135
0.270368
0.887490
0.113524
0.113224
0.523816
1.025719
0.085384
0.386166
0.805016
1.599928
1.028044
1.606062
0.266831
1.934389
1.994726
1.381562
0.471210
0.981197
0.378968
1.301328
0.542347
0.679590
0.246181
0.281630
1.039640
1.684279
0.534645
1.358086
1.036995
0.448586
0.550221
1.823716
1.852428
1.180097
0.453292
0.376244
0.205817
0.538676
1.278763
1.010833
0.654956
0.306807
1.133247
1.438140
0.757548
1.127974
0.819702
1.228758
0.109171
1.198671
1.046439
1.167871
0.394613
1.292620
1.449501
1.434254
0.976899
0.500498
0.792340
0.530246
0.949084
1.858913
0.353962
1.317864
1.555362
0.807255
1.694109
1.761179
1.862283
1.489224
1.288365
0.517240
1.796031
0.421612
1.955380
0.553580
0.065938
1.291434
0.298690
0.691462
1.006457
1.861481
1.859333
1.401071
1.154101
1.308834
1.351677
0.647352
1.809332
0.660369
1.693951
1.274769
1.035634
0.047913
0.592633
0.590996
1.371520
0.803094
0.352176
1.750156
0.292318
1.640541
0.267396
0.604702
0.578505
0.739128
1.674634
0.644444
0.546914
0.489676
1.335906
1.553372
0.351158
1.195239
1.470795
0.021611
1.020425
0.822472
0.668964
1.346109
1.482841
0.362915
0.620878
0.518475
0.927180
1.729864
1.109471
0.815053
1.049310
1.977999
0.565209
1.341629
0.134892
1.348957
1.946331
0.713398
0.604437
1.620965
1.357842
1.151351
0.626993
0.693748
1.221075
0.978151
0.405339
0.691870
0.999763
1.425764
1.514342
0.185079
0.771873
1.513535
1.064346
1.909104
0.548362
0.507878
1.638968
0.174186
1.322931
0.688278
0.152185
0.404492
0.546259
0.287078
1.753449
1.008942
1.516828
0.357886
0.629907
0.874670
0.025590
1.773253
0.084770
1.246665
0.751404
0.490109
0.454888
1.751167
1.915873
0.485582
0.452598
0.687746
1.999118
1.516944
0.596850
1.063832
0.024823
0.752170
1.754370
1.864106
1.956801
0.422908
0.268599
0.503060
0.709986
0.022048
1.512003
0.743166
0.896287
0.658262
1.617836
1.438229
0.431515
1.702606
0.684894
1.182920
0.709067
1.656134
1.450439
0.624940
0.141717
1.903038
1.829038
0.657187
1.936334
0.942241
1.721019
0.477509
1.694411
1.475390
0.857968
1.651212
1.898298
1.126567
0.154273
1.124636
1.664967
0.182628
0.384154
0.561254
0.840890
0.001990
0.515835
1.272406
0.220948
1.200730
0.971678
0.930015
0.856864
0.938469
1.554955
1.514933
1.357859
1.900345
0.172120
1.294194
0.842586
0.409492
0.288055
0.536998
0.401234
1.146023
0.704562
0.815884
0.788942
1.375187
0.456872
0.453910
1.557815
0.841026
1.531516
0.398706
0.843016
0.047352
0.187464
1.580316
1.764434
1.675494
0.510331
1.137650
0.613963
0.581638
0.652584
1.971823
0.481983
0.824704
1.782369
1.324570
1.234196
0.070424
0.377920
0.151782
1.732800
1.082482
0.967666
0.521742
0.457670
1.424538
0.975652
0.531837
0.265564
0.507169
1.446895
1.624932
1.070873
1.634359
1.205248
0.835307
1.826205
1.715579
1.972957
0.440169
0.813569
1.141893
0.411992
1.295553
1.966598
0.710713
1.136475
1.717146
0.781137
1.514395
1.868929
0.513937
1.113229
1.352947
1.035680
0.087251
0.777486
0.527684
0.619089
1.043050
1.034853
0.065984
0.667983
0.622078
0.216696
0.389583
1.973737
0.042901
0.105163
1.946695
0.999422
1.435084
1.604940
1.927766
0.730637
0.087890
0.638479
0.383464
1.805037
1.419617
0.414211
0.190318
0.449906
1.527441
1.543265
1.485586
0.131044
0.837103
0.529623
1.266485
1.880154
0.080828
1.848822
1.064489
0.702907
0.065518
1.454072
0.676644
0.624771
0.075587
1.139691
0.140546
0.027024
0.744632
0.068312
0.757661
0.832522
0.706792
1.657478
1.153911
0.642761
0.071689
1.860581
1.092667
0.115482
1.403847
1.094606
0.246527
0.757302
1.624229
1.513012
1.153808
1.705057
1.361834
0.218297
0.924316
1.943704
0.188722
1.600961
1.084828
0.780661
0.740652
1.225374
0.807685
0.001636
1.293686
0.081699
0.834159
0.516830
0.255529
1.988070
1.159591
0.327218
0.365004
0.768611
0.442701
0.285203
1.863217
1.205580
1.042505
0.003798
1.234944
0.196314
0.225207
1.113131
0.930963
1.149524
1.573187
1.636037
0.750485
0.658015
0.933051
0.007489
0.399741
0.257088
0.009126
1.693428
0.338787
1.359637
0.726610
0.594316
1.347707
1.886202
1.437887
0.229063
0.654813
0.396940
0.514266
1.034382
1.602520
1.556772
1.038180
0.837464
1.753086
1.263387
0.466947
0.684049
0.412911
0.040135
0.836439
1.679748
1.214502
1.769490
1.687238
1.614244
0.026578
0.212716
1.824024
0.881718
1.572353
0.550634
1.992386
1.436412
0.436836
1.430273
1.665476
1.091649
1.827213
0.179742
0.642383
1.946085
1.736514
1.680563
1.299902
0.005952
1.460303
1.766849
1.206354
0.389566
1.806984
0.042793
0.069315
1.537839
1.812283
0.272905
1.152083
1.838861
0.485621
0.976107
1.236931
0.057974
1.526741
1.229318
1.494386
1.963578
0.659591
1.676214
1.571579
1.003157
1.855957
0.213963
0.949242
0.108823
0.410878
0.249144
0.114776
0.387533
0.015994
1.321130
0.777100
0.339330
1.363923
1.362767
1.877169
1.692558
1.635672
1.029252
0.047771
0.637645
0.521711
1.284703
0.695619
0.048453
0.514021
0.706357
0.528383
1.689964
0.382572
0.099962
0.693121
0.754881
0.830277
1.642364
0.863704
1.757508
0.407860
0.978480
0.145041
0.423854
0.815962
1.438493
1.279537
0.179885
0.801260
1.673058
0.388795
0.953284
0.702311
0.436567
1.590929
1.740374
0.237622
0.286548
1.788827
1.267995
1.509258
0.317210
0.957959
0.408182
0.933525
0.167433
1.163063
0.280154
0.326149
0.543119
0.554014
0.734009
1.521600
0.699056
1.157864
0.853914
0.653901
0.953753
1.550152
1.455162
0.626811
1.938947
0.408446
1.845474
0.891866
0.515728
1.585849
1.645840
1.318628
1.374676
0.913835
0.827886
0.208239
0.388147
1.752420
1.141764
0.555580
1.431835
1.938270
1.398081
1.974955
0.492285
0.132090
0.012907
1.707693
1.806306
0.866821
0.361594
0.760059
0.416973
0.333108
1.903223
0.872273
1.257907
1.748697
1.764139
1.773635
1.334546
1.926332
1.092263
1.225575
0.840167
0.436502
1.950166
1.744666
0.188922
1.091930
0.816598
0.137110
1.546552
0.214679
0.628417
0.038837
0.346770
1.157676
1.746530
0.669428
0.024497
0.624477
1.945840
0.957823
1.473937
1.849063
0.346448
0.731844
1.597760
0.626939
1.021831
1.448659
0.553271
0.114095
1.190586
1.909791
1.066949
1.140752
1.654457
1.772223
0.749034
0.471056
1.909333
0.295586
1.202087
1.054102
0.850776
1.548857
0.211778
1.113658
0.734638
0.752628
1.738135
0.680478
1.710451
1.212073
0.529541
0.573251
0.460269
0.643653
1.200190
1.482101
0.092312
1.753462
0.112548
1.282898
1.663253
1.695849
0.940002
1.834062
1.468072
1.689036
0.305118
1.893758
1.984623
0.023558
0.947860
1.351751
1.572415
1.159639
0.465409
0.823405
1.912267
0.203545
1.503883
0.139070
1.931970
0.033424
1.228673
0.908591
1.193430
0.428863
0.907044
1.285742
0.698677
1.019592
1.084993
0.878282
0.715441
0.541347
0.712345
0.699866
0.230384
1.533815
0.593624
0.731359
1.557373
0.057836
0.083110
1.646141
1.217475
0.548519
0.469546
1.646094
1.268416
0.489782
0.301516
1.716738
1.039558
1.530189
0.625330
0.232988
1.959053
1.532374
1.518731
1.174082
1.068319
1.120076
0.052365
0.300112
1.661423
1.281062
0.999978
0.408159
1.331229
0.109954
1.139518
0.888603
0.167791
1.738980
1.051096
1.901618
0.287500
0.036994
1.547713
0.072268
0.526776
0.365581
1.789007
1.566335
1.895771
0.930689
0.315675
0.371176
0.463063
0.350758
1.545258
1.531382
1.470834
0.113975
0.347847
1.648610
1.395037
1.347825
0.056769
0.726267
1.457780
1.712640
0.131222
0.141923
1.451620
1.698670
0.043541
0.255472
1.735664
0.107606
0.327741
0.778793
0.473188
0.633100
0.861480
0.368959
1.563789
1.177155
1.256487
0.543204
1.527914
0.801745
0.074587
1.515100
1.432073
0.938786
1.163710
1.343462
0.286611
1.736832
0.069729
0.260743
1.965824
0.717303
0.919018
1.417444
0.415973
0.962560
0.189269
0.667990
1.586518
1.033362
1.446783
0.059706
1.666462
0.824615
0.945017
1.230251
0.001770
0.201504
1.773455
1.529684
1.519602
0.364394
1.561137
0.951675
1.303180
0.724847
0.811489
0.106144
0.978031
0.881219
0.883239
0.943855
0.114874
1.802258
0.877652
1.047200
1.281170
1.066921
0.231542
0.867688
0.100283
0.194677
0.927395
0.283097
1.019292
0.388764
0.029700
1.021062
0.590269
0.319507
1.067099
0.626223
0.683902
0.628236
0.094250
0.503434
1.869435
0.905739
1.125930
1.363819
0.303310
0.009170
0.824026
0.418185
0.327780
1.701678
1.981737
1.608950
1.284951
0.213279
0.476638
1.901586
0.407956
1.920385
0.184683
1.427248
0.309150
0.214383
0.964662
1.415771
0.533891
0.548113
0.041994
1.734145
1.692701
0.136244
0.753931
0.078489
1.558335
1.879862
1.442308
1.861646
0.405384
0.266334
0.796183
1.249516
0.484365
0.777920
0.858466
1.769316
1.507551
1.851456
0.187255
1.915507
0.288194
0.371938
1.859107
1.113696
1.102674
1.340121
0.529467
0.152917
1.888235
1.087813
0.403414
0.097288
1.740409
1.157345
0.175777
1.298744
1.553559
0.134437
1.160390
0.475295
0.917124
1.956573
1.724811
1.401489
1.250845
1.099629
1.687157
0.758396
1.467438
1.874412
0.673903
1.755632
0.762703
1.049362
1.385680
0.381729
0.389484
1.915147
