1.834886
1.020038
0.803951
0.118649
0.952797
0.516989
0.016679
0.119987
0.132082
1.716894
0.914678
1.705649
1.323706
0.111414
0.523838
0.724143
0.041324
0.802895
1.714303
1.226403
1.334555
1.311724
1.960873
0.313920
0.542084
0.815622
1.758387
0.189473
0.939971
0.434517
0.727422
1.291209
1.454555
1.531374
1.409858
0.923705
0.048363
1.426537
1.043692
0.696797
1.143431
1.958370
0.918798
0.983489
0.069784
1.958988
0.223984
0.627461
1.278236
1.938287
1.853864
0.612791
1.766364
0.331089
1.443063
0.824800
1.663063
1.717802
1.014274
0.603034
0.152320
0.258048
0.410595
1.606875
1.789422
1.820453
1.046932
0.354137
1.246990
0.090625
1.567286
0.906773
0.048995
0.486085
1.890262
0.635132
0.961425
0.114246
1.778945
0.239661
0.568885
0.149161
1.368804
0.851601
0.480250
0.811867
1.676402
0.659665
0.529670
1.207028
1.779051
1.198342
1.465076
0.189646
0.805217
1.770851
0.010099
0.368502
0.641340
1.257089
0.459127
0.208627
0.163862
1.024474
0.694712
0.570476
1.659606
0.172489
1.201074
1.954903
0.412151
0.286311
0.104064
1.780955
1.137913
1.100666
1.109175
0.814315
1.760331
0.155197
0.537695
1.539382
1.353539
0.002771
1.729028
0.675108
0.289974
1.739127
1.043610
0.931315
1.512568
1.502737
1.139942
0.192782
1.043564
0.351006
0.763258
0.703170
0.523495
0.480684
0.658074
1.451998
0.766996
1.278490
1.232954
1.904909
0.379157
0.858481
1.235576
0.139488
1.013678
1.773271
0.195223
0.367217
0.292394
1.924251
1.558677
0.582369
0.179731
0.602288
1.513684
0.208651
0.621377
1.169978
0.401434
1.664941
0.037336
1.681044
0.884464
1.077183
0.161729
1.542538
0.529182
1.445077
1.337380
1.762136
1.866338
1.716537
1.136969
1.101914
0.372378
0.150647
1.391537
0.567601
1.034216
1.683931
1.008204
0.592893
0.782652
1.704287
1.195181
0.812688
1.912939
1.816559
0.499018
0.314373
1.997852
0.536354
0.511769
0.882316
1.613538
1.189850
0.941206
0.142720
0.634927
0.278587
0.421208
1.017617
0.511476
1.558177
0.635883
0.883854
0.225176
0.027420
1.451455
1.259392
0.227704
0.976012
1.852285
1.010356
0.680299
1.047467
0.339397
0.593238
1.380378
0.838415
1.423963
1.378230
1.891122
0.452085
0.260547
1.504660
1.641935
1.201753
0.163732
0.793215
1.480340
0.584940
1.810832
1.991817
0.659469
0.446716
1.392023
0.884645
0.990488
1.359831
0.144037
1.218192
0.335843
1.996322
0.744901
1.532494
1.560141
1.600650
0.125733
1.456871
0.439065
0.066048
0.835102
0.330187
0.518133
1.612001
0.351199
0.676421
0.813754
0.514931
1.469636
0.810447
1.616223
1.280468
1.318616
0.275692
0.243536
1.226991
1.676689
1.234025
0.586822
1.820726
0.968569
1.439017
0.333401
1.713470
0.971512
0.409894
1.830472
1.613597
1.866766
0.269538
1.679645
1.218220
1.116077
0.714131
0.830221
1.467277
1.390552
0.160327
0.498560
0.860188
1.487126
0.114784
0.657008
1.322094
0.906828
1.416897
0.549086
0.583518
0.650922
1.135908
0.920596
0.135843
1.091278
1.770349
0.365666
0.062790
0.180244
0.196138
1.676387
0.563362
0.982028
1.872384
0.297934
0.098106
0.586515
1.128155
0.081735
0.493419
1.804834
1.096647
1.869959
1.291961
1.211431
0.526968
0.614055
0.118260
1.943865
1.163141
1.218130
1.111139
0.815402
0.138726
1.246982
1.906680
0.425428
0.129000
0.485822
1.122024
0.325139
0.162209
1.685386
1.307167
0.034593
0.499672
1.921625
1.137461
0.144179
0.003360
1.630880
1.949013
1.100008
1.500840
1.757326
0.827791
0.544160
0.371382
1.462403
1.004377
0.050875
0.680533
0.631868
1.382629
1.335612
0.395202
1.805661
1.761040
0.524203
0.291483
0.883064
0.849342
0.453692
1.084802
0.156509
1.004638
0.100826
0.594487
0.142099
0.245005
0.597847
0.289331
0.194018
0.214207
0.306523
1.951345
1.558351
0.850683
0.839079
1.537106
0.371412
0.889954
0.733992
1.003280
0.788936
0.069604
1.398483
0.594597
0.346996
0.439038
0.886081
1.746412
1.288380
1.339773
1.347566
1.961241
0.860763
1.448392
0.555728
1.519214
1.693397
1.669928
1.808546
0.403767
0.400487
0.631421
0.355112
1.958838
1.998457
1.710543
1.495945
0.369869
0.600498
0.229937
1.373150
1.905786
0.815893
1.287985
0.500383
1.162889
1.727023
1.386464
1.425653
1.531755
1.242590
0.773219
1.492996
0.103353
0.737963
0.565077
0.138920
0.431360
0.235005
1.947466
1.351479
0.635492
1.095239
1.706592
0.594331
1.093696
1.417135
0.606628
1.463566
0.533985
1.352917
1.353068
0.439771
0.168810
1.157405
1.456507
1.848051
0.884428
0.842971
1.273704
0.932535
0.601913
0.563275
0.425531
0.705267
1.301238
0.990608
1.360539
0.248950
1.741965
1.824357
0.116781
0.377458
0.919596
1.823373
1.488141
0.013293
1.756861
0.094769
1.993211
0.807198
1.447686
1.346279
1.763322
0.132848
0.503684
1.219829
1.980899
1.904464
0.579152
1.770955
0.836999
1.181066
0.850582
1.778882
0.402685
0.668172
1.285843
1.763224
1.433474
1.027808
1.587581
1.550255
1.405266
0.507177
1.373629
0.893407
0.520470
1.646842
1.504528
0.513681
0.970392
1.468566
0.376312
0.733714
1.601414
1.396348
1.953543
0.098665
1.300812
0.532696
0.385972
0.654163
1.713762
1.236554
0.433046
0.116447
1.904726
1.718889
0.396023
1.338200
1.263049
1.983604
0.888456
0.668316
0.490781
0.778437
0.078075
1.527604
0.425279
0.098956
0.557637
1.912023
1.567522
0.933950
0.645738
1.685289
0.330298
0.599281
0.300306
0.147463
1.648329
0.686279
0.801626
1.878443
1.922833
1.751024
0.511242
0.343912
1.986265
0.907265
1.682112
1.249315
0.890869
1.086920
0.433983
1.898003
1.865357
0.512058
1.425607
0.806988
1.127366
0.499596
0.719012
0.694889
1.433546
1.364750
0.896530
0.280197
0.480383
1.196836
0.944012
0.645065
0.399467
1.745638
1.039860
0.322301
0.013015
1.551103
1.182565
1.999280
0.974720
0.864677
1.764947
0.381942
1.951598
0.198930
0.279945
0.333307
1.227341
0.221904
1.656648
0.354707
0.721500
0.375660
1.565948
0.671399
0.256762
0.462478
1.467948
1.253497
0.175667
0.411960
1.898562
0.575134
0.673950
0.938423
1.413787
0.686965
1.005878
0.596352
1.202598
1.980598
1.977382
1.483897
0.362540
0.445332
0.199180
1.158837
0.778639
1.942873
1.380741
0.435287
0.297580
0.618594
1.327299
0.379881
1.289993
1.584061
1.358711
1.274293
1.353911
1.534378
1.686253
1.252473
0.625865
0.360203
0.707248
0.039652
1.563521
0.229478
1.152357
1.282471
0.726429
1.129739
0.766368
1.088969
1.575071
1.481900
0.247807
0.870062
1.424773
0.144900
1.821702
0.238706
0.763494
1.149001
0.618587
0.569839
1.249415
0.493650
1.844132
0.603326
0.028029
1.530385
0.372151
1.170246
0.406941
1.079400
1.726250
0.486814
1.825230
0.878607
0.285637
0.551659
0.524698
1.052005
0.156981
0.099769
1.050258
0.921140
1.486184
0.475031
1.066040
1.307886
0.713737
0.345887
0.456887
1.848676
0.915726
1.706302
0.342327
1.276211
0.309628
0.886708
1.322948
1.198132
0.056954
0.246241
0.793884
1.783204
0.733055
0.619114
1.178164
1.018692
1.170774
1.702862
0.587050
1.327755
0.318984
1.637308
0.765247
1.805168
0.628691
1.831287
1.113054
1.858781
0.693526
0.086293
0.223809
1.609253
1.792596
0.566136
1.401816
0.618576
1.969196
0.724764
1.816708
0.542502
0.971006
0.610592
0.842059
1.704061
1.746059
0.020223
1.239106
0.916833
0.239437
0.342508
0.760940
0.558421
0.496168
1.526187
0.363589
1.124859
1.873826
1.992995
0.983640
0.567353
0.079289
1.207450
0.692958
1.871885
0.289938
0.094774
1.006813
0.775487
0.819538
1.339874
1.317989
0.306896
1.950466
0.160048
0.010958
1.696525
0.696623
1.766416
1.129710
0.936061
0.108924
0.407002
1.494482
0.605092
0.449541
0.374424
0.246303
0.323368
0.367419
1.746296
1.407073
0.446708
1.470098
0.100031
0.834945
0.276388
0.194805
0.358111
1.051875
1.530695
1.697985
0.369865
1.837592
1.648451
1.046265
0.364902
1.861329
0.259241
0.647670
1.507391
1.195302
1.272946
1.914394
1.206136
0.394390
0.363935
0.096912
0.640693
0.687303
0.980684
0.903341
0.610728
1.943744
0.373439
0.710759
1.295042
0.649828
1.421916
1.653153
1.701703
1.468964
1.351138
0.587920
1.306556
1.515941
0.150538
0.187810
1.377270
0.409779
0.835480
0.884662
0.121433
0.108426
0.799056
1.843921
0.502816
1.679343
0.457186
1.659861
0.882999
1.437870
0.563203
1.493727
1.381614
0.936642
0.204487
0.676656
0.102822
0.142755
0.846161
0.320878
1.611719
0.197299
1.425150
1.434627
1.713241
0.092040
1.622437
1.606863
0.501819
0.974269
0.491525
1.139604
1.599047
1.806933
1.499878
0.618215
0.002629
1.957064
0.278077
0.885628
1.911286
1.357632
0.379355
1.292900
0.294274
1.100194
0.485909
0.913449
1.759302
1.332070
1.234327
1.371021
0.045722
1.175829
1.322001
1.758963
1.267870
1.460790
1.365826
1.769689
0.951412
0.373704
1.425646
0.550459
0.696989
1.441876
1.168675
0.699618
1.398940
1.963104
0.101598
1.310226
1.320736
0.480954
1.119478
0.131362
0.097500
0.121739
1.044811
1.856802
1.970162
0.795490
1.744176
0.015884
1.971320
1.066177
1.774847
1.239190
1.043319
1.657025
1.525231
1.994731
0.547081
1.467229
1.061543
1.760423
0.909105
0.230218
0.460041
0.308045
0.709674
1.077992
0.134623
0.030410
1.558946
1.770454
0.161772
1.656446
1.892193
1.206584
0.029601
1.862355
0.518426
1.773777
1.878239
0.489746
1.356306
0.169438
1.728936
0.915977
0.342816
1.770520
0.910709
0.889897
1.237749
1.972252
0.650320
0.146855
0.718822
1.626714
0.971252
1.428496
0.704706
1.105876
1.458906
0.780004
0.876330
0.137030
0.952802
1.284875
1.859966
0.982403
1.147231
0.378393
1.272532
1.541822
0.868139
1.145190
1.711261
1.113428
0.061168
0.570429
1.400300
1.488229
1.460326
0.638049
1.460481
0.626999
0.784904
0.695655
0.770065
0.272509
0.640503
1.991123
1.894737
0.615761
1.287479
0.771067
0.752791
0.240281
0.572294
0.612758
1.739037
0.235877
1.507503
1.527921
1.777700
0.891994
0.673112
0.005313
0.521774
0.734280
0.575742
1.922074
0.738861
0.552420
0.560124
0.715694
1.695771
1.861380
1.411349
0.982188
0.133889
0.051852
0.973311
0.028626
0.667613
0.777142
1.316045
1.936756
1.017424
0.404692
1.065866
1.272813
0.640569
0.573369
0.800734
0.934621
1.465364
1.990198
0.939934
1.987138
1.240830
0.032028
0.425565
1.979691
1.100801
0.985689
0.695385
1.312924
1.363421
0.623086
0.295113
0.013663
0.674938
1.784776
0.558641
1.858903
0.561919
0.391039
0.312012
1.579343
0.795731
1.377878
1.368508
1.436300
0.467600
0.685594
0.370922
1.932964
0.675793
1.827208
0.436454
0.432975
0.375589
0.862019
0.412667
1.476390
0.364060
1.624404
0.789314
1.727482
0.247491
1.600779
0.257497
1.438781
1.385556
0.816138
1.814037
1.947475
1.207177
0.126049
0.043170
0.002908
0.020279
1.411678
1.955561
0.487879
0.097272
0.842835
0.937195
1.289417
0.670043
1.373650
1.722393
1.561984
0.752021
0.651412
1.554726
1.632434
0.275816
0.344041
1.876268
1.039659
0.461172
0.133765
0.478441
1.846728
0.949903
0.292478
1.794203
0.157081
0.418527
1.837373
0.676341
0.438806
1.249051
0.631902
1.443038
1.862676
1.474737
0.380233
1.152093
0.661133
1.753883
1.390838
0.739469
1.022257
0.558602
0.294196
1.171043
0.834419
1.154589
1.047311
1.874078
1.615761
1.181076
0.352519
1.462490
0.647331
1.161349
1.256693
1.320764
0.096228
1.610419
1.997106
1.051387
1.375822
1.145360
0.494425
1.238498
1.136450
0.874658
0.906944
0.313935
1.144894
0.814134
1.053404
0.683503
1.372737
1.347600
1.854546
0.207156
0.502189
0.901857
0.597586
0.117951
0.599285
1.466458
0.096793
1.246616
0.627807
1.869838
0.567381
1.240388
1.480257
1.080839
0.291775
0.856080
0.226199
0.786200
0.094578
1.879001
0.177210
1.517874
0.192936
1.322104
0.332009
1.246341
0.005607
1.704746
1.110293
1.860153
0.428254
1.612483
1.278362
1.025840
0.246786
1.877647
1.008650
0.859931
1.124264
1.636458
0.729769
0.207997
1.393198
0.210027
1.288836
1.684973
1.582459
0.031387
0.987525
0.193389
1.910389
1.164735
1.711264
0.103325
0.486840
0.559625
1.866018
1.008799
0.264371
0.976312
0.868953
1.208977
1.105147
0.663667
0.234817
1.868285
0.541315
1.243468
1.244568
1.665579
1.396278
1.974337
1.873576
0.789476
0.700716
1.678764
0.990801
0.799527
1.710151
1.978326
0.992917
1.620540
1.143061
1.220533
0.240218
0.146253
1.780158
0.622588
1.155053
0.560881
0.115252
0.540358
1.769858
1.220399
1.204025
0.521027
1.605036
1.745340
0.280847
0.849604
1.927271
0.193477
1.340294
0.317199
1.499305
0.041010
1.995963
0.490106
1.356890
1.706115
0.984784
0.349807
1.843007
0.127846
1.570340
0.599577
0.274099
1.866850
1.222166
1.429152
0.427731
1.337418
1.969510
0.713941
1.074170
1.689888
1.234968
1.195558
1.435228
0.032168
0.561515
1.362500
0.225645
1.901809
0.196051
1.724951
0.459171
0.192015
0.731409
1.816061
0.414482
1.716194
0.682220
0.773841
1.844040
0.252560
1.373419
0.634491
0.635762
0.595585
0.063644
1.579845
0.449355
0.549506
0.293786
1.523525
0.239394
0.045107
1.235436
0.190975
0.077275
1.796951
0.069827
0.819272
1.698760
0.265878
0.544223
0.674283
0.974245
1.275633
1.006697
1.905079
0.991827
1.688917
0.678921
1.352219
1.941478
0.052340
1.986710
1.093592
1.164277
0.566706
0.673438
0.129984
1.632565
1.483576
0.169862
0.388311
0.045035
1.405298
1.095638
0.122310
1.202249
1.165465
1.457935
1.417361
1.947696
0.002158
0.607996
0.921941
1.794143
1.614693
0.827021
1.302322
1.303611
1.505942
1.170893
1.761441
0.074634
1.673956
0.855033
1.755263
0.240662
0.044823
1.885247
0.389579
1.528400
0.055109
0.777891
1.573435
1.460407
0.389881
0.212098
1.179008
1.555347
1.670033
1.112721
1.503043
0.188543
1.720718
0.941336
0.499039
1.335411
1.768357
1.801361
0.639022
1.790651
1.488607
0.916815
0.381637
1.162563
1.771849
0.136900
1.403225
1.816672
0.538500
0.309157
1.861424
0.593609
1.603400
1.951212
0.570369
1.993281
0.679662
0.265729
1.548628
0.866047
1.378451
1.568023
1.054590
1.615521
0.509360
0.069981
0.950932
0.794069
1.871343
0.106307
1.101073
1.876302
1.023122
1.482710
1.038865
1.311323
0.135963
0.958442
1.644348
0.674463
1.267599
1.505772
1.784424
0.870999
1.456984
0.871145
1.380633
0.652998
1.136875
1.445613
1.519045
1.031678
1.013637
0.573636
0.647199
0.039349
0.643617
0.114483
1.349770
1.031312
0.220790
0.450843
0.907614
1.760265
0.449906
0.462831
1.071588
0.585869
1.421274
0.715936
1.776684
0.688873
0.221709
0.077460
0.076225
0.195045
1.464958
1.973210
1.364396
1.118185
1.418823
0.883441
0.149863
0.948812
1.973429
1.313414
1.504513
1.133399
1.427897
0.854284
0.681063
0.165040
1.305127
1.588678
1.925305
0.271385
0.567861
1.513245
1.373606
1.989135
0.229182
1.666642
1.194361
0.967243
1.744103
1.786938
1.678640
1.725413
1.760148
1.043036
0.843598
1.178971
1.926478
1.509813
0.644136
1.899907
0.823227
0.148649
1.033306
0.767476
1.002933
1.714370
1.448868
0.824413
1.819400
1.890525
1.095798
0.387261
1.403771
0.985757
0.892749
1.632953
0.652399
0.087110
0.600196
0.912854
1.874048
0.278836
0.638267
1.634196
1.321873
1.481865
1.329519
1.764703
0.991678
1.973655
1.664610
0.331257
0.122305
1.214269
1.615086
1.641590
0.928639
1.063954
0.466003
1.264391
1.470832
0.078154
0.168004
0.874603
1.063911
1.060753
0.507556
0.232662
1.147863
1.624104
1.145517
1.021911
1.902940
1.783784
1.172459
1.741165
1.782002
0.501979
1.505868
0.773680
0.991986
1.686831
1.621290
1.630643
0.901100
1.752728
1.272234
0.346091
1.333034
0.254589
1.610482
0.803866
0.849095
1.778486
1.678469
1.913006
0.839240
0.186025
0.662021
0.503455
1.810129
1.807538
0.041719
0.229422
1.591322
1.214178
0.486939
1.373324
0.232509
0.509160
0.663357
1.224496
0.195991
0.800999
0.855139
1.613443
0.553727
0.127373
1.959534
1.886761
0.898315
0.086368
0.690628
1.747410
0.381206
0.885449
0.176769
1.736798
1.587827
0.838790
0.240254
1.914308
0.646328
0.281973
0.143730
0.754002
1.496151
1.147022
0.643679
0.245013
1.656182
1.823388
1.469509
0.368525
1.140739
0.841000
0.498320
1.694466
1.484726
0.457854
0.097579
0.383041
1.060574
1.304559
0.130451
1.441780
0.706361
0.307220
1.178579
0.294188
1.662362
1.935185
0.208496
0.308690
0.217158
0.868579
1.579045
0.229661
0.015601
0.222724
0.474674
0.188135
0.562464
0.460535
0.556660
1.703203
1.301536
1.054980
1.914021
0.786262
0.029186
0.011600
1.685655
1.606112
1.832512
0.332458
1.047892
0.538873
1.156031
0.742823
0.833061
0.818393
0.678008
1.041557
1.127084
1.411518
1.910136
0.706129
1.641180
0.442089
1.445205
0.632206
0.630224
0.007669
1.092742
1.703236
1.710872
0.910630
1.274568
0.141245
0.213244
1.820106
0.152845
1.898899
1.426218
0.501709
0.747709
0.990463
1.556934
1.903740
1.733286
0.389995
0.722134
0.927647
1.947905
0.365570
0.339165
0.374393
1.588051
0.496697
0.816483
1.033256
1.645256
1.446707
1.557277
0.737998
1.666296
1.784501
0.164980
0.940864
1.925746
0.378224
0.760971
0.594943
0.793475
0.187189
1.613005
0.057536
1.177652
1.169939
1.961277
1.427291
1.559935
0.683411
0.871290
0.024192
1.565333
1.726807
0.398585
1.153384
0.223505
1.215068
0.702992
1.868761
1.178128
0.260269
1.123111
0.844424
0.561122
1.804443
1.785288
1.003220
0.699019
1.062611
1.598163
1.492494
1.766153
1.211168
0.066382
1.460157
0.897460
0.027659
0.887448
0.457395
1.227422
0.275090
0.481587
0.792755
0.001898
0.880172
1.946139
0.741755
0.611593
1.165483
1.126868
1.789721
1.942104
0.249979
0.634145
0.503226
0.570774
0.935785
0.022798
1.269793
0.514749
0.137314
1.278639
0.280902
1.864834
1.345021
1.741059
0.762294
1.372681
1.144860
1.219689
1.116455
1.419950
0.217628
1.909211
1.938200
1.614153
0.371702
0.679955
0.225746
1.537186
1.806823
0.531819
1.479290
0.573154
1.682316
0.498869
1.143928
1.134453
0.521667
0.930073
1.649202
0.658981
0.208712
1.930104
0.523816
1.553734
0.187516
1.286110
1.442767
1.848728
1.022152
0.559222
1.785030
1.756132
0.468433
1.723231
1.370285
1.356488
0.919538
0.112383
0.893674
0.726362
1.160554
0.372964
1.815868
0.842870
0.871833
1.476149
1.977324
1.909853
0.406222
1.626526
0.568834
0.614935
0.072983
1.609002
0.685021
0.260499
1.411465
0.127788
0.109227
0.433617
1.203362
0.410609
0.706101
1.671796
0.133840
0.592739
1.028284
1.053379
0.705122
0.438310
0.296093
1.865677
0.811274
0.628313
1.224899
0.199460
0.104462
1.202223
0.625665
1.027037
1.345102
1.194499
0.158324
1.418085
1.319854
0.843345
0.194936
0.731319
1.487485
0.820515
1.681288
0.690847
1.231124
0.387389
0.878995
1.364965
1.496480
0.423631
0.934696
0.201603
0.861941
1.747141
0.583632
0.189568
0.375454
1.808531
0.905380
0.996269
1.527107
1.531045
0.023306
0.872209
1.241896
0.181630
0.290294
0.561750
1.541327
0.485230
1.809421
1.545164
1.305745
1.490709
0.236011
1.053221
0.394451
1.115007
0.418186
1.890931
1.538638
1.869234
0.608886
0.400580
1.616375
1.708870
1.106500
0.508182
1.517402
0.011880
1.504451
1.560861
1.542925
0.044109
0.433070
0.784821
0.742091
0.723364
1.346572
0.283418
1.724946
1.672345
1.828582
1.547043
1.163055
0.580945
0.600264
0.073858
0.212304
1.534803
0.481141
1.750943
1.404037
1.606380
0.667875
1.536765
1.315250
1.774375
0.044947
1.349004
1.786255
0.065750
0.909865
1.845532
0.109859
1.342935
0.630353
1.368302
0.582651
0.493277
0.168072
0.307597
0.165623
0.513006
0.370992
1.845030
1.093951
0.971257
1.918888
1.306256
0.506060
0.916381
1.573551
1.910097
0.522761
0.757778
1.963214
0.354364
1.048505
0.008161
1.703368
1.351112
0.590263
1.129586
1.196644
1.216474
0.472521
0.343349
0.584776
1.571525
0.836627
0.752848
0.395474
1.002250
1.265854
0.766467
1.363632
0.359806
1.737724
1.798872
0.182414
0.243784
0.715253
0.272317
0.670233
1.754367
1.030095
0.633448
0.108731
0.078600
1.157961
1.812099
1.946064
1.748225
1.458037
1.142708
0.964699
1.930559
0.002409
0.065828
0.018436
0.839036
0.818676
0.413910
0.357638
0.084531
1.180377
1.721270
0.960689
0.918101
0.036494
1.143103
1.678237
0.751748
1.415420
0.864823
1.022467
0.961867
1.498271
1.131198
1.556819
1.172584
1.459649
1.502883
1.437161
0.917687
1.161943
0.918213
1.364598
1.164352
0.984041
1.383034
0.519741
1.802717
1.796944
0.877379
1.887248
1.493674
1.115002
1.364289
0.411775
1.151496
0.507392
0.606365
0.419596
0.439164
1.471188
1.442063
1.401031
1.485811
0.573261
0.957850
0.658395
0.549263
0.977085
0.095557
1.466950
0.139028
1.530122
0.831548
1.819733
0.514163
0.730934
0.339474
0.316880
0.527878
1.733205
0.720481
0.021552
1.364559
0.084770
0.949680
0.516056
1.108515
0.072397
1.452004
1.547679
1.543585
0.894068
1.465063
1.545748
1.983681
0.939265
0.720495
0.532944
1.916351
1.332404
0.516246
0.571731
0.862526
1.347794
0.907816
1.376689
0.078728
1.763642
1.693570
1.122959
1.496848
0.930403
1.660863
1.377759
1.531525
0.610543
0.410167
0.640040
0.682940
1.862172
0.704072
0.742877
0.756240
0.169135
0.804977
1.256273
1.108400
1.525473
1.789218
1.541103
0.857877
0.305464
0.112835
1.720404
0.169611
1.020651
1.097093
0.764691
0.784294
1.307015
0.404002
0.797494
0.753770
0.064866
0.175253
0.285296
0.675409
0.585421
0.925336
1.874702
0.963945
0.145760
1.133931
1.720185
0.314895
1.938909
1.492810
1.939648
1.980734
1.798380
1.480751
0.838611
0.620197
1.593586
1.075367
1.306160
1.130590
0.688813
0.070851
0.431236
0.512180
0.474854
1.745082
1.265951
0.539720
1.920335
0.067599
1.731481
1.022108
1.509287
0.122535
1.986053
1.655048
1.772819
0.222590
1.969943
0.228080
1.715401
1.909591
0.208814
0.030133
1.390343
1.563777
0.650330
1.500281
0.639145
1.956490
1.147223
1.844310
0.027342
0.094811
0.356490
1.018548
1.839893
1.622441
0.074620
0.276581
1.690040
0.322453
1.298689
1.199328
0.961341
1.801095
0.854376
0.734160
0.540037
1.340671
1.478592
0.255438
1.766615
1.687406
0.801924
1.673310
1.767535
1.452254
1.689943
0.923032
1.408745
0.837167
0.767342
1.952439
0.931978
1.123833
1.487339
0.771872
1.262626
0.078311
1.564805
0.952667
0.400764
0.863494
0.668347
1.362105
1.180941
0.039075
0.612617
1.720979
1.896098
0.091209
0.492769
1.662713
0.294967
1.294693
1.336023
0.578855
0.746948
1.542319
1.501887
0.672045
0.379486
0.269230
1.140836
1.827816
1.393063
0.628175
1.116040
0.655689
0.706486
0.680845
0.124708
1.623602
0.060692
1.309407
1.502060
1.241633
1.348482
0.114677
1.478964
1.760933
0.722239
1.971734
1.423646
1.533558
1.782779
1.276022
0.112413
1.046079
0.818341
1.614301
1.718124
1.714179
0.399883
0.858960
1.541995
1.792946
0.003487
1.174388
0.964987
1.226325
1.855233
1.606048
0.849928
0.432277
0.915455
0.351988
0.190263
0.780290
0.983017
1.669227
0.541223
1.705256
0.157313
0.481221
1.238815
1.940093
0.273595
1.867580
0.986172
1.091936
1.481881
1.220649
1.322467
1.881764
0.595961
0.864463
0.191062
1.115801
0.555203
1.672402
0.342126
0.926788
1.278450
1.708406
1.359066
0.710257
0.576746
1.549329
0.006899
0.076116
1.734908
1.064474
1.781372
0.408574
0.062048
1.536539
0.865019
0.335643
1.404120
0.367543
1.427580
1.402353
1.588192
1.266399
1.284118
0.700506
0.647214
1.991532
1.816307
1.202417
1.663934
0.158433
0.129206
1.458736
0.383192
1.488272
0.685346
0.959938
1.553953
1.208597
1.036054
1.805213
0.789424
1.333779
0.213787
0.851472
1.386670
1.078806
1.187115
1.307142
1.446350
1.131047
0.709496
1.550894
0.397447
0.509966
0.251400
1.044661
1.017850
0.067707
0.247079
0.681785
0.742493
0.892637
0.656873
1.125685
0.897261
1.858571
0.601975
0.451214
1.067169
0.154382
0.772779
0.372945
1.488161
0.986567
1.224417
1.391183
0.581725
0.411532
0.698326
0.544427
1.542580
1.924174
0.095322
0.456379
0.434140
0.346722
0.017392
1.968342
0.930782
0.780823
1.166479
1.673275
1.673460
1.823353
1.315312
0.570721
0.198276
1.917287
1.538287
1.781797
0.071669
0.311067
0.154742
0.076182
1.297634
1.379159
1.467366
0.395711
0.307044
0.165692
0.940139
1.849624
0.089866
1.035461
0.822355
1.040358
1.898535
0.839747
1.008700
0.829317
1.620571
0.691532
1.018944
1.294031
0.514885
0.334256
0.381105
1.229513
0.251544
1.919392
1.011311
0.839565
0.230459
1.166053
0.915748
0.044445
1.061565
0.383114
0.956509
1.368609
1.065158
1.896648
1.734585
1.671376
1.448461
0.556940
1.228086
1.346996
1.913039
0.753138
0.692666
1.533610
1.444670
1.711610
1.343994
0.475907
0.045867
1.725099
1.705421
0.813763
0.160843
0.716732
1.653328
0.907655
0.399137
1.085428
1.468452
1.460702
1.984894
0.424961
0.829311
1.050052
0.321609
0.563896
0.721428
1.770070
1.637188
0.465866
1.633419
1.550228
1.219005
0.326085
1.083838
0.663675
0.554047
0.944184
1.655935
1.116266
0.669283
1.361356
0.446381
1.346479
0.078088
0.099710
0.254134
0.993577
1.701490
1.722586
0.454280
1.686385
0.663900
1.799943
1.252789
0.985509
0.363840
0.490570
1.271932
0.001028
0.956436
1.421703
1.551256
0.175441
0.264140
1.151447
1.355469
0.818187
0.095631
1.011404
0.450806
1.281267
0.889112
0.897187
0.627746
1.483552
1.513249
1.398232
0.477129
1.214740
1.637170
0.931409
0.901125
0.301070
0.731353
0.153914
1.286580
1.611545
1.160836
1.074864
0.128925
0.117273
1.012919
0.196534
0.809066
1.277059
1.347981
0.680887
0.611598
1.443612
0.208643
1.062404
1.241231
1.097755
1.959592
1.868977
0.581307
1.472841
1.783561
1.574789
0.687581
1.420732
0.506198
0.105058
1.721802
1.753903
0.775325
1.524734
1.881800
1.936161
1.115950
0.010726
0.053434
0.128869
0.723612
1.378853
1.405928
0.071593
0.059740
0.017527
0.031557
0.268384
1.079931
1.272789
1.882491
1.555875
1.658118
0.463799
1.028717
1.958032
0.038588
1.716298
1.378764
1.061138
0.337709
1.100566
1.331394
1.113034
1.141653
1.729546
1.565547
0.257603
0.256624
0.135334
0.386473
0.980236
1.514187
0.308753
1.051829
1.573927
0.326280
1.599739
0.358663
1.922564
1.388880
0.241155
1.478439
1.563350
1.221306
1.023508
1.521382
1.776246
1.256159
0.900146
1.353736
1.593868
0.517065
0.685130
1.223254
1.658718
0.931029
0.788801
0.432673
1.187653
0.924135
0.819146
0.167890
0.954674
1.644252
1.736071
1.044954
0.486884
1.335810
1.403617
0.925800
0.724690
0.161124
0.404240
0.804393
1.898782
1.944100
0.325775
1.675028
1.200259
1.225922
1.028765
0.794127
0.259339
0.230247
0.017381
0.434409
1.161276
1.322535
0.867082
0.865282
0.763022
0.202581
1.033172
1.717697
1.846833
1.285595
1.279003
0.333717
1.137758
0.682620
1.259518
0.378800
1.360097
0.180110
1.183193
1.258879
0.124210
1.508969
0.933908
1.324470
1.251243
0.479025
0.634949
1.510582
0.709272
1.168683
1.944991
0.386901
0.491218
0.812073
1.252183
1.770592
1.014654
0.801707
0.004641
1.377839
0.087302
1.283644
1.711557
1.741412
1.966265
1.487427
0.120213
1.842714
0.183889
1.303406
1.101593
0.308099
0.812375
0.551853
0.148921
0.063618
1.030878
0.783871
0.090552
0.256503
1.952554
0.035543
0.643404
0.960124
1.363969
0.411939
0.730716
0.894975
1.729998
0.735358
0.272815
1.817300
0.019002
0.500724
1.558713
0.501619
0.504503
0.195278
0.344333
0.688392
1.498684
1.962279
1.512843
0.827412
0.514132
1.661765
1.407382
1.545011
0.961988
1.497935
0.317866
1.430894
0.049830
1.477622
0.391018
1.930151
1.889561
1.638086
0.825127
1.619559
0.889796
1.614294
1.953211
1.425151
0.115018
0.028276
1.926770
1.135873
0.223554
0.787456
1.824265
0.238591
0.749735
1.337108
1.066003
1.263867
1.515225
0.989737
1.325230
0.993565
1.004024
1.643096
0.424459
1.053855
1.120718
1.331829
0.984006
1.526631
1.486268
0.325485
1.662542
0.376064
1.939779
1.615754
1.801215
0.571149
1.644030
0.244338
1.707022
0.383937
1.031794
1.531287
0.622528
1.781529
1.384748
0.204883
1.561748
1.416325
1.710972
1.403331
0.409891
0.714997
1.562779
1.350702
0.285204
1.199850
0.682532
1.269210
0.726481
0.685152
0.111048
0.389024
1.061216
0.050827
0.521130
1.378784
0.621977
0.681512
1.623122
0.328999
1.065449
1.171268
0.376639
0.204329
1.469149
1.761387
0.925564
1.547249
1.177712
0.636537
0.950580
1.587603
1.351534
1.029712
1.454658
1.636738
0.229562
0.137190
1.422300
1.472395
1.338694
1.533348
0.377771
0.916262
0.100528
0.898901
0.295046
0.722505
0.096766
0.434520
1.567856
1.162215
1.605788
1.944495
1.882897
1.074937
1.705882
0.808461
1.138539
1.399947
1.961350
0.089119
0.987550
1.312884
1.118831
0.958560
1.465974
1.864745
1.612102
1.404627
1.337141
0.950796
1.454327
0.231264
1.867059
1.554855
1.646518
0.162105
0.793712
1.743284
1.112978
0.361569
0.905499
0.718766
0.306064
1.304748
0.310056
0.011947
0.629562
1.448595
1.411894
0.590912
0.054066
0.915796
0.420149
1.689250
1.874357
0.402475
1.553995
1.486459
1.807102
1.407488
0.953608
1.261430
0.155105
0.820667
0.816285
1.801623
1.499124
1.609998
1.544907
0.612102
0.487919
0.966758
1.847221
0.793983
0.271507
0.673629
1.322282
1.417421
0.638576
1.250528
0.008333
0.692642
0.166325
0.428482
0.898244
0.557034
0.830958
0.452240
0.559845
1.154412
0.376080
1.513453
0.415842
0.531185
0.850472
1.748480
0.332808
0.349597
1.874830
0.394067
1.478051
0.362749
1.360826
1.841624
1.673084
0.148685
0.515253
0.995367
1.566106
1.670181
0.245895
0.090791
0.879176
0.928572
1.035626
1.777420
0.001958
0.382936
0.746012
1.078156
1.537348
1.122093
1.107961
0.469543
0.169630
1.958434
0.734375
1.018791
0.824383
1.125557
1.929210
0.818786
1.488306
1.290036
0.660411
1.677742
1.955073
1.692016
0.673109
0.037531
1.362198
1.435357
0.128323
0.241374
0.363929
1.163949
0.535146
0.882240
1.546885
1.281159
1.960396
1.600585
0.919604
1.068357
0.070128
1.089234
1.543143
0.804503
0.624377
0.367526
1.930060
0.553588
1.186313
1.934718
0.359976
0.363076
1.612461
0.831402
0.055092
0.801922
0.868933
1.933642
0.237279
0.997256
0.691368
1.117561
0.677557
1.226515
1.999801
0.740794
0.507674
0.476549
0.341380
1.943630
1.544906
0.411508
1.549216
1.604402
1.732364
0.173594
1.971928
1.662424
1.243534
1.674593
0.113495
1.603510
0.037669
0.242308
0.951264
0.609114
1.044230
1.820198
1.059108
1.281510
1.333806
1.750477
0.915423
0.527716
0.976992
1.431576
1.268510
0.001018
1.908125
1.609890
1.944648
1.969383
0.537751
1.493864
1.573785
0.270115
0.183810
0.062066
0.448891
1.427344
1.736659
0.562386
1.547207
0.290681
1.321046
0.498471
0.899795
0.365277
0.835021
0.475255
0.163139
0.168828
0.225732
1.078562
0.696544
1.202724
1.026490
0.481406
1.720094
0.934615
0.091297
1.664742
0.903998
1.145400
1.674959
0.994136
1.415515
1.858769
1.056202
0.380758
1.286114
0.792861
1.459497
1.349673
1.599894
0.780543
1.848144
1.016041
1.145820
0.683166
1.491297
1.825311
1.368346
1.717029
1.420225
0.581242
1.436106
0.446715
1.062648
1.156200
1.381330
1.670297
1.337295
0.801681
0.815697
1.012254
1.795817
0.231212
0.871023
1.368371
0.611971
0.673489
0.161232
0.587820
0.023162
0.277479
1.368363
0.387659
1.293520
1.030536
1.070825
0.784817
0.855847
0.955523
1.018199
0.276073
1.536765
0.454305
0.722788
0.599413
0.126857
0.620471
0.269711
1.464152
1.938504
1.601760
0.476406
1.734321
1.832973
1.863782
1.619044
0.961296
0.537271
0.296628
1.549116
1.076786
0.574107
1.433831
1.464445
1.867628
0.464367
0.535270
1.168797
1.320215
0.007145
0.186996
0.112640
1.543910
1.157653
0.835428
0.659675
1.284511
1.972251
1.445738
0.748663
1.910755
1.047499
1.741422
0.161428
1.396824
1.605204
1.780472
0.874472
0.658827
0.077101
0.423588
1.735613
0.651208
0.373771
1.200058
1.035188
0.838139
0.251680
0.203986
0.674706
0.258825
0.390982
0.787346
0.319087
0.064988
0.139126
0.978763
1.349499
0.111378
0.940853
0.098162
0.022133
1.988352
0.355936
0.699914
1.385176
0.477492
0.480386
0.259648
1.136320
0.557487
1.199588
1.388285
1.725048
0.089712
1.104696
0.760236
0.927851
1.872728
1.480574
1.602557
0.131554
0.387909
0.906255
0.966993
0.452897
1.045381
1.945756
1.802396
1.156759
1.402962
0.416910
1.695245
1.391314
0.772847
0.395159
1.292843
1.250339
1.391897
0.068843
0.903011
1.949385
1.784784
0.807649
0.190785
1.874496
1.912345
0.951021
1.318699
1.785073
0.431596
0.921256
0.432979
1.335857
0.343863
1.916325
1.788754
1.389244
1.862081
1.591150
1.062356
1.781395
0.008060
1.273953
1.172710
1.297259
0.185464
0.981905
1.063951
1.577361
1.050748
0.483314
0.043098
0.835532
1.290963
0.233883
1.226380
1.719660
1.701257
0.545079
0.021086
0.649205
1.982687
0.970417
1.985062
0.326550
0.886742
1.773816
0.232147
1.265176
1.881318
1.810855
1.046571
1.889378
1.084808
0.735633
1.702990
1.270272
1.717538
0.766941
0.847633
0.768287
1.250255
0.890732
0.120171
1.057571
1.640967
1.346552
0.777231
1.342224
1.891631
0.798317
1.991429
1.874319
0.285087
0.492843
0.717221
1.171829
0.266659
0.949368
0.437005
0.147977
0.760223
1.999929
0.553708
0.361383
0.735562
0.773050
1.631655
0.453101
1.539991
0.995641
1.737740
0.790246
0.402725
1.857911
1.847817
0.043692
1.204463
1.141401
1.902269
1.612447
0.456070
0.410050
0.003118
0.741157
0.902894
0.720339
1.912987
1.685905
0.186060
0.866344
1.833883
0.946283
0.866273
0.903943
1.307667
0.118188
1.676993
1.455674
0.571289
1.733336
0.451315
0.309029
1.039934
1.370392
0.683292
1.404104
1.414085
1.887756
0.545505
1.832706
0.016555
1.001575
0.242756
0.019673
0.259085
1.145650
1.256364
0.688424
0.831556
1.442424
0.071120
1.181791
0.905060
1.453746
0.602086
0.729079
1.571934
0.795431
0.701105
0.659575
0.528767
1.668773
0.968604
1.568701
1.039165
1.651896
1.489157
0.969602
0.056004
0.034662
0.802308
0.588911
1.552590
1.561417
0.608584
0.328027
0.707067
0.381301
1.016451
0.054975
0.340077
1.087571
1.753118
1.761489
1.057669
0.871556
0.490568
0.629603
1.666987
1.708026
1.289178
0.712106
1.376799
0.774134
0.797160
0.415964
0.942383
0.286317
1.385567
0.998387
0.837332
0.704227
1.587299
0.389922
0.265644
0.712235
1.234301
1.489064
1.609888
0.250752
1.544039
1.949966
1.854675
1.813510
1.711455
0.912345
0.685066
0.718376
0.058300
0.868406
0.426402
1.863831
1.580512
1.803201
0.637965
0.377672
0.735517
1.580348
1.180342
0.637436
1.095088
0.017674
1.341664
0.682387
0.923948
0.123660
1.910974
0.158249
1.612724
1.520863
0.925353
1.673116
1.987181
0.780028
1.486626
0.214988
0.208725
0.688044
0.933364
0.783378
0.072802
1.876118
0.647209
1.653315
0.195671
1.285174
0.547339
0.931189
1.381875
0.244033
0.084977
0.476963
0.261707
1.426641
1.675702
1.185655
0.066654
0.103028
1.860256
1.679378
1.623891
0.785609
1.352494
0.127424
0.081990
1.355472
0.342413
0.807067
0.559869
1.275777
1.590445
0.632671
1.668248
0.237654
0.802338
1.863919
0.039181
1.866030
1.311460
1.937408
0.110063
1.396438
0.414371
0.371771
1.339431
0.606425
0.073778
1.406085
0.709453
0.450387
1.601816
0.849697
1.235996
1.470662
0.977121
1.834338
1.342487
1.319534
0.641406
1.902356
1.111664
0.231851
1.051379
0.779912
0.985858
1.853718
0.643831
1.541391
0.236100
0.471644
1.478799
0.346163
0.384434
0.409522
1.234286
1.723865
1.015947
1.308065
1.646303
0.241752
1.758452
1.248119
1.091449
1.510800
0.718781
0.068571
1.345139
0.577620
1.388105
0.502897
0.479976
0.499769
1.251100
0.047708
1.796033
0.236958
1.901426
0.956217
0.294701
0.653878
1.427861
1.773500
1.000041
1.812295
0.699374
0.234328
0.052512
0.231673
0.058745
0.215167
0.473426
1.817197
1.463286
1.564875
1.844349
0.698420
0.149798
1.705840
1.276040
0.054256
0.208737
0.272369
1.070377
1.459838
0.320077
0.866411
0.213148
0.737855
1.822628
0.507850
1.391733
1.766841
0.797702
0.908126
0.095488
0.013429
1.142454
0.148000
0.245102
1.201199
0.363168
1.234880
1.534748
0.342806
1.316108
1.379098
1.557578
1.465906
1.601290
1.349971
0.036514
1.810028
0.138692
1.106892
1.786218
0.975121
0.489655
1.999366
1.712976
0.828635
1.023568
1.621061
0.595476
0.337623
0.529187
0.690964
0.867404
0.187994
1.355316
1.112506
1.389193
0.234836
0.347387
1.440294
1.093995
1.663495
1.335744
1.167925
1.645753
0.937034
0.517896
1.682268
0.747062
1.172940
1.305512
0.533280
0.148061
0.311519
1.048999
0.377389
1.140154
0.588919
0.514802
0.251982
0.926542
1.043990
1.459298
1.793946
1.748336
0.814614
1.422805
1.653881
1.565803
0.286544
1.094175
0.659798
0.466391
0.429919
1.827723
0.112144
1.883306
0.861972
0.310764
0.630368
0.551264
0.132628
1.680001
0.699326
0.444147
1.245352
1.593067
1.584301
1.834271
0.107870
0.352635
1.277166
1.668212
1.811933
1.587464
1.416548
0.626548
1.010269
1.070429
0.192351
1.813165
0.680957
1.368501
0.279556
1.627228
1.712576
0.908053
1.510534
1.090900
1.218817
0.657255
1.642165
1.351446
0.337256
0.341491
0.311945
0.098960
0.450910
0.412599
1.933231
0.558780
0.765234
1.726749
0.226992
0.577168
1.314214
0.159892
1.720068
0.840835
1.746674
0.428771
0.654001
0.427631
1.797272
0.933557
0.054859
1.509848
1.841610
1.565394
0.600749
1.576780
0.222649
0.242914
1.444578
1.076257
1.100757
1.756523
1.175217
0.068019
0.169122
1.624800
0.626800
0.934357
1.351550
1.370144
0.027877
1.182116
0.046389
1.747945
0.022951
1.793063
0.176716
1.193304
0.737046
0.490340
0.126862
1.308257
0.000188
0.484824
1.390003
1.117289
0.577956
1.612652
1.876555
0.022534
1.205261
1.493664
1.779058
0.896830
1.561684
0.464532
1.037983
0.704836
1.915241
0.905885
0.074980
1.943118
0.088001
0.637721
0.207415
0.627304
0.430784
0.900483
1.820609
1.684182
1.390823
0.463823
0.992440
1.391012
0.948647
0.382443
1.024653
0.042956
0.511448
1.417561
0.065490
1.716709
0.911225
0.360900
1.129892
0.989261
1.341785
0.167875
1.694097
1.257026
1.073760
0.285430
1.716497
1.678113
0.923151
0.440264
0.305417
1.870288
1.340748
0.126026
1.554470
0.731571
0.589849
0.546910
0.638935
0.054849
0.929354
1.663589
0.097805
1.440802
1.081150
0.679647
1.673863
0.508727
1.040548
0.803755
1.497989
0.382333
1.487982
1.708438
0.155711
1.078094
1.993868
1.872208
0.756207
0.917020
0.312473
1.061625
0.787308
0.169573
1.704003
0.341778
0.901144
0.810205
1.405041
1.540080
1.381406
0.334395
1.720021
1.479211
0.291549
1.317523
0.675210
1.965412
1.826250
1.715758
1.285520
1.840591
0.614443
0.773502
1.549030
0.770155
0.367949
0.059250
1.158715
1.124156
1.492622
1.987540
0.702133
0.279930
0.157113
0.922489
1.138061
1.058258
1.732694
0.543102
1.114690
1.114100
1.393849
0.834711
1.109663
1.685398
0.152234
1.784873
1.650810
0.494836
0.016984
1.452682
0.851780
0.631427
0.226185
0.917162
1.401582
1.110486
0.976412
1.076650
0.234642
0.469035
1.064190
1.453128
1.265317
1.221304
0.375617
0.919730
0.795914
0.624663
1.462832
1.910604
1.738763
1.373033
0.745315
1.364778
1.058431
1.413901
1.666003
1.225594
0.425089
1.682987
0.678276
1.276869
0.830767
1.420813
0.194031
0.748701
0.531299
1.686796
1.825351
1.282294
0.155831
0.889542
0.735422
1.937500
0.627198
1.627391
0.857231
1.423112
0.252054
0.836415
1.333716
0.507169
0.209449
0.595383
1.871947
1.267880
0.525636
1.537950
0.493474
0.950725
1.737290
1.688103
0.743947
0.568057
1.108916
1.454330
1.316758
1.640216
1.141126
1.142110
0.922510
1.813309
0.548004
0.174284
1.750810
1.175202
1.801675
1.124393
0.598314
0.570081
1.960808
0.448382
1.077250
0.686609
1.560117
1.465549
1.954490
0.085753
1.519851
0.964316
1.552830
1.773493
1.168771
0.296777
0.341550
0.277688
1.751108
0.174661
1.917904
1.408586
1.833123
1.356766
1.738248
0.381127
1.531050
1.489058
0.072681
1.849077
1.129803
0.670995
0.419158
1.090611
1.635729
1.496408
1.777221
1.195846
1.478309
0.248063
1.797951
0.998160
1.728731
1.350781
0.771654
0.897503
0.163911
1.629556
1.691543
1.915019
1.804217
1.609447
1.839957
1.637340
1.482565
1.578205
0.534819
1.013615
1.583615
0.607500
0.862692
0.713418
1.794847
1.281850
0.320382
1.430576
1.294610
0.097603
1.142774
1.289271
0.862018
0.940725
0.287431
1.107101
0.291507
1.575437
0.004604
0.455418
1.721346
0.212499
0.886789
0.041915
1.821946
1.243098
1.679256
1.304511
0.821304
0.730427
0.834478
0.921271
1.337928
1.697170
1.634690
1.132775
1.495372
1.955072
1.079704
1.306334
0.569027
0.222478
0.595605
1.431045
1.679556
1.399389
0.538146
1.971063
1.491178
1.059103
0.942833
1.212524
1.787954
0.345974
1.254440
1.609901
1.589072
1.450048
1.430764
0.926728
0.180475
0.781595
0.364352
0.034755
0.995117
1.999042
1.683883
1.006842
0.470466
0.763587
0.313176
1.039493
1.502417
0.908782
0.986890
1.181973
0.824523
0.041388
1.669388
0.315701
1.616843
1.128573
1.528226
1.404798
1.474547
1.299018
1.531051
1.579972
1.265418
1.478167
1.023052
1.445893
0.259762
1.387404
1.997001
1.771232
1.902798
1.680884
0.778074
0.373264
0.960823
1.091250
1.929109
0.463240
0.516384
0.915999
0.161566
1.340907
1.473740
1.830954
1.656609
1.090583
1.475880
1.701187
1.011733
1.466779
1.516557
0.542784
1.563103
0.781975
0.537304
0.586156
0.744220
1.313418
0.489912
0.741221
1.084650
0.392711
0.422105
1.862724
0.765975
1.899280
1.470327
1.211437
0.362521
1.986711
0.127436
0.524087
1.327619
0.117528
0.871393
1.500580
1.724464
0.863625
1.201767
0.736197
0.330405
1.234676
1.795334
1.893508
0.016651
0.332638
0.996016
0.760871
0.162408
1.485929
0.018445
1.247059
1.878640
0.956902
1.109783
1.160967
0.856183
1.096462
0.372404
1.218704
1.083174
1.016193
0.259143
0.410793
1.133721
1.646888
0.427725
0.858185
0.510514
0.145844
0.110735
1.357271
1.380520
1.906069
1.250779
1.397171
0.755059
0.246796
0.674394
0.917467
0.249077
0.692839
0.680878
0.127717
1.649742
0.307014
1.805036
1.022277
1.403476
0.177441
0.757333
0.486650
1.709986
1.016476
1.413795
1.360059
1.179716
1.841520
0.734597
0.206582
0.503716
0.845332
1.563853
1.884236
1.267753
1.330985
1.797759
0.539164
0.094133
0.988506
1.972983
0.343210
1.681345
0.653862
0.987279
1.847439
0.960876
0.792315
1.386068
0.880704
0.969756
0.143401
1.367355
1.196094
1.676229
1.297502
0.556154
0.855946
1.655375
1.290751
1.578880
0.159091
0.136083
1.659086
0.043328
1.403836
0.990071
0.357439
0.459352
1.600556
1.345945
0.432335
1.943766
1.543643
1.086197
0.931045
1.391082
0.563425
1.723360
1.293503
1.444130
1.209469
1.436904
1.327837
0.405563
1.113134
0.625339
0.961717
0.485432
0.280714
0.252468
0.064312
0.439806
0.904903
1.723398
0.999486
0.825091
1.229821
1.873277
1.284443
0.830377
1.219223
1.716779
0.774143
0.762866
1.319328
0.221540
0.670300
1.882754
0.461253
1.963803
1.326884
1.670722
1.917060
0.654721
0.592637
1.030194
1.280060
1.554355
1.515626
0.077127
0.323175
0.096290
1.033285
1.744431
1.819689
0.549123
0.569522
1.049510
0.422400
1.853966
0.396240
0.157975
0.087097
1.170383
0.920841
1.406425
1.908276
0.107494
1.805531
0.369529
0.587649
1.132415
0.040251
0.504709
0.303488
0.632888
0.051255
0.099901
0.703595
0.083233
0.177028
1.543123
0.179524
1.210313
1.803906
1.999213
0.275788
0.373428
1.565075
0.698188
0.743746
0.477667
0.856164
1.347195
1.648051
0.293357
0.753621
1.556327
0.917203
0.559152
0.442208
0.021205
0.207920
0.482459
0.525914
0.511408
1.631699
1.093522
0.611309
0.851647
1.176755
1.304689
0.911122
1.356279
1.031354
0.715028
1.871844
1.307142
1.604808
1.953272
0.521683
0.348555
0.430939
1.377847
1.695750
0.595342
0.187556
0.965723
0.668021
1.104760
0.041228
1.110229
1.125965
0.249148
0.109040
0.168231
1.276908
1.740740
1.261753
0.404570
1.108739
0.954861
1.709259
0.536213
0.311140
1.256966
1.251241
0.182985
1.080460
0.856049
0.652609
1.602143
1.720956
1.083548
1.496342
1.933059
0.195243
1.683899
0.898782
0.863264
1.305011
1.456362
1.973494
0.947328
0.221862
0.082534
1.631911
1.498771
0.339626
0.893665
0.419693
1.964717
0.364878
0.645304
0.500930
0.676018
1.902270
0.268523
1.375355
0.982731
1.640925
0.027964
0.584874
1.361881
1.627865
0.081217
1.811292
1.823108
0.281468
1.226427
1.202724
1.586479
0.682789
1.176218
1.050159
0.904652
1.775105
0.682070
0.919775
0.631083
0.092087
1.339468
1.112153
0.456965
1.984772
0.129435
1.132984
0.403395
0.397959
1.024691
1.386126
0.555236
1.569008
0.487352
0.433469
1.196873
1.084921
0.244762
1.536333
1.882741
1.471189
0.739057
1.469220
0.670330
0.431628
0.519379
1.574982
0.723085
1.201450
0.494757
1.354168
1.293537
0.350577
0.982673
0.266855
0.335350
1.112109
1.399839
1.255097
1.510068
0.940882
0.641223
0.581656
0.509890
1.644927
1.015125
0.223115
1.246201
1.259887
1.759448
1.128942
1.247428
1.014858
0.598163
1.917759
1.446486
1.633894
1.492741
0.169571
1.351696
0.503851
0.040091
1.161586
1.370780
1.022765
1.428441
0.222482
0.134874
1.344632
1.477579
0.161294
0.285514
0.635154
0.742950
0.795405
0.280082
0.274427
1.018520
1.526283
1.534315
1.294321
0.655225
1.298095
0.309179
1.769740
1.215854
0.272017
1.919987
1.224948
0.957940
1.788035
0.245151
1.514383
0.949621
1.615931
1.053500
0.894414
1.838414
1.188374
0.239046
1.832345
1.866020
1.040913
0.467500
1.125322
1.836318
0.747582
1.399750
1.371190
0.790217
1.450417
1.181863
1.961794
1.264864
0.007394
0.247887
0.480719
0.795763
0.167874
0.222019
1.753703
1.955909
0.467170
1.784439
1.421883
0.599453
0.837939
0.832649
0.954219
0.542666
1.071696
0.786565
0.408686
0.628961
1.254065
0.050361
0.465279
0.517999
1.966463
0.352821
1.308216
1.933232
0.051037
1.786362
1.198096
0.058431
0.034249
0.195167
1.370547
0.718475
0.417186
1.640602
0.674385
1.400708
1.425041
0.612620
0.000162
0.262981
1.445269
0.954381
0.805647
1.033317
1.740946
1.730685
1.662278
1.511363
0.297398
0.643909
0.029362
0.263861
1.513083
1.853930
0.197093
1.564120
1.640293
1.911542
0.138903
0.190894
0.106709
0.025802
0.909370
0.523896
1.666405
0.100107
0.440956
1.091446
0.712727
0.441118
1.354427
0.674348
1.911852
0.676426
0.224018
0.169150
0.407112
1.886296
1.680514
0.704510
1.046558
0.226228
0.968372
0.559641
0.596511
1.681817
0.640113
0.236804
0.109711
1.295368
0.944050
0.216421
1.321171
1.853420
1.256669
0.987576
1.953527
1.697625
0.595374
1.182606
0.655096
1.949802
0.373307
0.566948
0.626228
0.597325
0.736098
1.549692
0.483621
0.932964
0.254203
0.046531
1.159193
1.738927
1.122524
1.755704
1.937096
1.762637
0.508860
0.046808
1.574358
1.452910
0.779581
1.411881
1.822683
0.036250
0.915809
1.776210
0.250227
1.511183
1.475169
0.905323
1.460985
1.848476
1.988623
0.603566
0.445801
0.724722
0.153258
1.445774
1.657686
0.923813
1.492306
0.816879
0.662740
0.614830
1.088935
1.116189
0.893820
1.597795
1.162997
0.468178
1.567058
0.458930
0.396411
1.389741
1.011532
1.312220
1.165951
1.261759
0.823403
1.157472
0.683435
0.800741
1.005948
0.672058
1.404307
1.451749
1.913132
0.073917
1.413876
1.570819
0.997731
0.906182
0.904050
0.176823
0.037364
1.992986
1.293012
0.931184
0.107133
0.972361
1.915714
1.674191
1.431291
0.312125
1.580284
0.442823
0.140697
0.746236
0.220935
0.964101
0.420060
1.420722
1.764842
1.426009
0.092780
1.685501
1.394110
0.005913
1.759418
0.807986
0.093084
1.273501
0.230520
0.997134
1.450325
0.784237
1.506472
1.259689
0.231773
0.129958
0.232051
0.147488
0.320501
0.179694
0.975965
1.900786
0.622518
1.633015
1.163374
1.359805
0.597116
1.583434
0.780527
0.878310
1.525795
1.389659
0.563811
0.919906
1.911924
0.839581
0.244244
0.005008
0.113083
0.991117
1.518495
1.563408
1.775354
1.541319
0.823097
0.007127
0.187629
1.571500
0.670967
0.508131
1.751195
0.163285
0.408917
0.890065
1.796300
1.572291
0.249870
0.909768
1.155725
1.546749
1.788078
0.681521
1.452760
0.868241
0.117779
